-0.6520257663840731 0.2647684498032025 -0.9103348929828035 -0.7588349825146602 -2.2507981212345234 3.0152495479100554 -0.27897996310809475 -2.3905284254520494 -0.012044873985785978 -2.996130301138471 -3.013337053884985 0.8546835869574156 0.5935786290172929 0.33782636920223297 -1.131681219244571 -0.40508062619190655 -0.12226149282765783 3.0895086969009986
2.0302411748945732 0.8472067303971169 3.1681085892356973 2.4767339677334763 -2.5879016903072056 2.62771102394091 -0.10892672061629745 -0.08752625451090426 0.7466540262329799 1.2729522368184314 2.42846086920942 2.565444652070845 -0.20885157716617347 0.4331043202014896 3.9360089355303973 -0.005360530942125543 -1.0984710343946877 2.5022338191318267
-0.49326424246402184 -0.3463133838741364 -0.16432885075994347 -2.0330226158531683 -2.0836425964445633 -3.006087334421681 -0.26865479882057997 -0.4585122836658835 -1.3353450305204682 -0.8130037850585438 0.35029917324559207 -2.9754354173528443 -0.08581912280744634 -0.24575781299006122 0.1206717059672601 1.1262707921896713 0.0971148267111459 -0.983240568348248
0.03229919954443334 0.21478255596722187 -0.9692386991968402 -2.2214171616464236 -0.8105383266954407 2.647839268912972 -0.8349432650529833 -0.9484280659844797 2.556847093214466 0.4130400085270609 -0.1035510501086328 -2.0313546260360176 2.613101519321453 0.23103687327722666 0.7601722577687918 3.0035399905909985 2.059055492318336 2.807674464320022
0.11163045111301244 -1.5452974019553494 1.9529935596601904 -0.9906442600943045 -2.058353171864708 0.46785517453554964 0.5753475282889099 0.8126968068808464 2.3686717168001725 -0.3159326382470454 -2.128268515551284 -2.0546254179567573 -0.5836866808506155 -0.5510286040850965 1.712528230087861 -0.6931181416632403 -2.9203679669744065 -1.742860409440084
-0.07143500905184288 0.33747257713947937 -0.8712633469083767 0.04511629089204737 -0.707217150722433 -1.352321702144702 0.037064542685433466 0.554593913024903 -0.5394179204704347 0.8848400662370774 -1.535401618633878 0.9291727190974706 0.04744184067638599 -1.728571942530436 0.3347107396658031 -2.411625241727944 2.0200748289906043 2.7473130222729916
-0.5729801077817619 0.010154644923790031 -0.18156503582661856 -1.786600937838185 -0.15482589286644663 -2.8263240613865297 -0.5279568598606251 0.16200404191527085 -0.5853390340217989 -0.1689291911315178 -0.6273943094392668 1.2256036411184512 0.5112445403558804 -0.7596365279815106 0.2164186481260877 -0.6419334397849314 -2.8161245225727565 -0.29477468926067885
-0.005943838712632654 -2.0571121653370197 0.6392622386599194 -2.677810099866144 -0.8124275761023464 1.2731415173739433 0.5982343163066276 -0.7954603088106581 0.053907544089854355 2.507537224319483 1.4473584367181962 2.7066835509965976 1.7682164480614098 1.2802700279652535 2.160912183928161 0.4521027148095321 -2.8755481770798665 0.8623254037298407
0.41399947079909355 -0.9374842900495356 -1.3157627543563695 -1.5363503725152206 -2.998068765282368 2.910597523682647 -0.3160256334853782 0.54323909800335 -1.2174675838954614 -2.4688653209497975 -2.899487167893233 2.5667468441687387 1.5284649725215664 0.5463866283129449 -0.46853479024793654 -0.47490422918378183 -0.31220723702539244 -2.8631525619457556
-0.7205337553603154 -1.272630622757115 0.4286448903358784 -0.2812952970467181 -2.3110420344857414 2.3789773992252146 2.074668958862161 0.928358898447357 2.0250643856207584 -2.4105146547614944 1.3937366424778876 -1.0445637091546447 -2.1225652439892575 -0.9331690378081949 -0.15431470878709924 1.4133781009132738 -1.3357050311355907 2.196177460623938
-0.16244510169652393 -2.020893884174812 -0.791820037716201 -2.714372697611327 -1.0245055796283014 2.9608161298781317 -0.34137101500659994 -0.33670346082818337 -1.3203232668409222 -0.3374385574694365 0.22926535874820272 -0.2423119994054322 -0.07598512986082022 -0.6693616290258548 -1.463779361448875 -0.8703483205607114 -2.298151038253632 2.8771281998453966
0.35318619713799776 0.08534998721178105 -0.4149187933279628 -0.08852370080549352 -0.16425861499417888 2.9388588383067833 2.0478966668864516 0.9340313633519739 -0.19032109996512375 -2.962424583082635 -3.1059327593750408 -0.38883285758222796 0.49435311191178605 0.31136583902310444 0.2646683884838773 -0.3818963298357406 -1.5588993270010065 -3.010222043831912
-0.6012816461261978 -0.8450066325802778 -0.955804690857504 -1.133443912056045 0.7423627514207731 -2.52655185039754 1.001611647977086 0.12132768440019297 -0.6095421734499802 -2.6753329102084087 0.08117738413164866 1.502488814603074 1.0432937980786734 -0.06421133565635423 0.2623960599381604 -1.014023229277396 -0.4314286281148586 -1.4269409651309581
1.1274681719744344 -1.6554523124627305 -1.1207006903606849 -0.5317561502369165 -1.47655264858291 1.9605977447558978 -1.17662952299162 -0.45177160414955553 0.5830202938902376 -3.0009930248435883 3.0638530605214402 -1.0022591849281828 1.8766901201583432 1.749726690379143 3.941525586169945 2.7674033578161605 -3.090248262193263 -0.5635791601278476
2.2313561949380722 -1.3779113908844003 -0.20552359325274866 1.4758122698358407 2.7154997593055907 3.0632614436098513 -0.07916543923629955 -0.0830816830783609 -0.42367144818876945 1.001732357715119 -1.2861532088940433 1.6044418751406964 0.41885150632799584 -0.5803635748834729 -0.9396502588564808 -2.719309509070442 -2.666299795659107 0.7099786141833596
1.3348378364120026 0.6000594642846725 -0.28205851323881503 2.6057962956585756 2.348109153761828 -2.145893927003747 -0.8960936570111544 -1.6522784282227974 -0.4600980488363454 -0.3769995448694438 2.9276850699167434 1.5162551483428663 -0.4881606143090429 -1.8117703348348282 -0.6548648446387535 -1.405029229872778 -1.0998269044308493 2.952744849230869
-0.0861506804859029 -1.9364858944090382 1.9049772067982669 2.625918826451537 2.0952116196509922 -2.600642332138292 2.7349062925889953 0.4899323073483735 3.0217661650386596 -2.6976277144658707 2.23796382948438 -2.7795322539531213 2.069797047100255 0.16821832310711077 0.5751726822436393 -0.2342000171257944 2.681259626506479 2.756517401227733
-2.5418724780445165 0.6298859586432614 1.622330790204304 1.0687865133413745 -2.3076645866912826 2.300528692459245 1.9512980561919193 -1.2208459836710464 -0.9719102443912923 -1.0380495240565049 -2.3227907186271017 1.3310285723503652 2.352616784064795 -0.3495763660374719 0.036124469099229596 -2.5453303476716473 1.977748572862772 0.16893850238383568
-0.8590629696439042 -1.5294738655902842 -0.7843884301773941 -0.7905942289568508 -1.276337385044582 0.5720772414240484 -0.6491200111918137 0.4210685604932318 -1.273279577576015 -1.7921437418230175 -2.7463839878801855 2.742961070030251 1.4221993244496658 0.049270226618184705 -0.9847258568855101 0.34364719540119354 1.851289049956464 1.562394251892656
0.5790574932022688 0.18343130595630425 -0.9401972192630293 -0.7881645044037007 -0.7063571479284865 -0.15836612004055517 -0.05538021063551245 -0.9192059252534276 -1.2640094394937167 0.45423715966991435 0.9741748730084846 2.539010027752886 2.222830564225105 -1.5686588771510068 -1.220455524903626 -0.6161897300613581 2.711336270017229 0.2530790057691774
-0.7085666421934405 0.5592289078858831 0.1681050140815984 0.041841318968530376 -0.8234816673354375 -2.622977523576668 2.997085383311127 0.7142927066927335 -0.3387272548806886 -0.890295315592092 2.9578748465906557 -3.0341191756635113 0.8533835392993484 -0.3259718993874379 -0.12606319900955365 -0.5824163247801215 -0.19487313532928033 -0.08600967773533344
2.030092057874546 0.14378509654460597 1.310637098241595 -1.5627417796875938 -1.9739124841805624 -1.0692803126288504 -2.960068700317533 0.7762810971018778 -1.1655689644281215 -2.638149659595099 -2.701499644365613 -1.248087332523682 3.10398712592773 -0.07573068080187753 3.068481494361378 -2.0600617126379093 1.3626177491701565 0.6910923997081662
-1.1093136832671067 0.5099459901045988 -0.5909315780391469 -0.6454173555919144 -0.0002638094736579205 3.086992830946956 0.25688481110485406 -0.2638214045297878 -0.9527365320907775 3.086999395987803 -0.4250122502989357 3.0871898461892506 0.4216585514065594 -0.732988279435549 -0.17821431531798093 1.5750694449878173 -1.8479054026284722 -2.9658904277592395
-0.05245861457890246 0.5306324171019242 0.2612479751945375 2.0511102789042397 0.5331821619901077 -2.8438806107740855 1.2635353585924667 -0.49905698650698777 -0.48748232229467525 -0.5456770145392182 0.6004190861197972 -2.271967066462551 -0.3679770081977688 -1.2454236495214959 -1.09067864477294 -2.2253081650850923 -1.082605919715573 -2.9910857794472707
-0.9912559892234498 0.49421808830935965 0.32209384227802573 0.16346258223213933 -1.52400088477638 0.430074514790576 0.06607779705147981 0.9809098229659275 0.07233940217222597 2.31171440787114 -2.779065466069797 -2.8170431971247147 -0.7705356939261883 -0.34033297922846595 -1.1507083171738832 -2.5202310363285303 -0.785077704962545 -0.40999198697652345
-1.9620306045415596 1.365023555053096 1.9404037638450058 -0.2378147365997773 -2.7492988028712078 2.540048956448025 2.4095025819726286 -0.7878093517370102 0.19995822982298248 -0.22670227601104262 -1.1642556626208522 -0.4311007210683937 2.891284298417816 1.7405935159601071 1.5945624698573768 0.25036251360388584 1.5745174519378404 2.1235659655232557
0.048892156710853105 0.5581669976967483 0.3763791345356457 2.637816369980259 -2.642090574711964 -2.2822076019732287 0.8143782473165625 0.25506702884420374 -1.407435869061004 0.7477372799002412 0.7381769845263393 -2.740465842649195 0.8560867103857722 0.039672018990178325 3.9684855764960676 -2.7660648680593423 1.288128533417314 -2.917432714156474
-0.10201173218415516 -1.1882386182363265 0.205814594365101 -2.782595235526819 -3.0729731719400015 3.099629416787313 -0.3749932978691023 -0.127542263372097 -1.4651749167225834 -1.9467108844931293 -3.0714692537109536 -0.7313394610586408 -1.202788271386398 -1.4263153078330142 -1.5323193809026603 -1.7512127003594256 -3.0818560648739335 2.4713072406148138
-0.48271650627488755 0.6077565651234077 0.18570491374325504 0.1587309509489911 -1.250479283333807 -0.8109494670330765 -2.263796141638192 1.0506290526598545 1.3890212790260437 2.893103232092662 2.893440892731222 -2.864182141127184 -0.46553087904340673 0.8113904325566584 0.20588369040345192 0.17860320220556725 -0.9485426672445755 -1.614766308506929
0.4397165779998739 -1.4767071594379837 -1.1589434967867829 -0.3976972594355884 2.237263092559884 -0.856021351732445 0.8728658739336332 -0.33130365509265053 -0.04574676333224731 -2.630369226203528 -2.6601281355358153 2.6607485822894286 1.9442863188825215 0.6462582403723472 0.44366189210846296 -0.7025319292504381 -1.3080884780854345 -2.659822059423371
3.000038571748716 -0.6159447485524043 2.9821440569469226 -0.9848660674189806 0.6908182885523052 2.448474689134922 -1.3822190658645241 0.33617824519895373 -0.7700520162688678 1.867898475288637 -1.184887283342226 1.3727824306983147 0.6360964699772041 -0.5151088844649443 0.6450003105647881 -0.6766337256634215 -2.900236934227253 -3.034590329316975
-0.31176797015334407 -0.12506261516419911 -0.38498845119497904 0.37907989908425244 -0.8175906189445284 -0.32824427543627416 -0.5330857264142401 1.042604080138882 -0.59934692244485 1.671816504761087 -1.5825021902998115 2.5872615095743634 0.9300705983929324 0.056612276595942354 0.4636868951723745 -0.17362571322622256 -1.4465264011972758 -2.025096258673614
1.81694050465774 -0.420750655604917 4.159766698945873 0.7639382753414388 2.6618593642542216 -0.011209635537724324 2.7044240028228566 -0.1804930482457499 3.7259966441085415 2.6849302334040606 -0.8098959656582834 -0.2495917680343425 -0.8566409421909235 0.9016364915390561 4.142316455781631 1.8610947920928669 0.146030932408326 -1.262301261249394
-0.38373657486385654 -0.7414393098295344 4.051565597162819 1.3417546662850643 -0.8046202757653664 -2.2593264748946096 -1.872514795960734 0.08152468766684312 -0.4153862866029272 1.4561409860831747 2.1396389924273937 -2.468373891003015 0.1888232864593715 -1.039339436148331 2.739143655930958 0.061407180753598495 1.0336428009751861 -2.538870059735279
-1.1401949650527614 0.1998654118299938 -1.2622571503760085 -0.3493587538956308 0.5625637963950519 1.1045447638932235 3.0209488059284078 1.2799214298771322 1.1364158585151185 -1.690926584770493 -3.035858058152927 -3.033702245074479 0.9043407484945678 0.3664630552582564 0.05976047854490545 -0.31747324524974396 -2.452797327365563 -1.2181526848935285
0.747595381793893 -1.8004721490858764 0.1893512863719663 -0.06809229823364782 2.929432497414054 2.9696359688709153 2.9422914996126246 0.09396590550052222 -1.469829728374143 1.4627570329311173 1.0529613239031494 -1.1792572907462293 -0.33346321932398676 0.7401959191267079 -0.6956481662691936 -0.3206617663787545 -2.741652940284393 -1.3803803512835735
0.13372425116084027 0.11470949906065464 -0.5895536406831994 -0.1263560027987415 -0.6113065596229622 0.37868054300965825 0.5973821578284995 0.7633928037896567 -0.5164798320130007 1.3885644573124718 -2.639297725077744 0.41451832642976916 -0.19644956057639068 -0.12645168289710698 0.03649017509740075 0.7192836788439373 -1.3642764901395075 2.3990489015844236
2.3923992824869855 0.41582762429723275 3.573816948308243 -2.012470862688644 1.778116735631655 0.6374676063855838 -0.7455709504890868 -0.619239187546053 3.1095669096234424 -2.069193196062226 1.3804006732806695 2.0359435600528473 -0.8141452338724975 0.6113498743071344 1.538607684232994 -2.1822964950681563 2.348270863248122 2.0083893499609253
0.2991179746741686 0.2983169479086547 -0.7231330128015668 1.9986591113211924 0.7985161855725232 2.9429379737189407 -1.5335926693353894 -1.6157357734021833 0.5466103729472312 -2.923097341086851 2.2563358298655345 -2.861680045280877 0.7024465095106442 -0.06447189474350107 -1.0597654901798517 -1.814906066575134 0.02582592491657945 -2.87973341649182
-0.6438561756883968 -0.4530910921862362 -0.4128759000822781 -3.013949063722557 -2.3647343502510543 2.84148213697506 0.5987206718105873 -1.6882539427294294 -0.43925778128746673 1.7413819280652432 1.6982645923364306 -2.845389665835331 -0.7655992621845547 -1.8877047745162718 -1.2656965885740459 -1.9231801406989824 -1.2251922581953019 0.3408739905107141
0.4941361416086844 0.17010266803727575 -0.6415382587634614 1.2576942215581701 1.2241099440254537 0.9471843324434313 0.21425422103995462 -0.6430761540216454 -0.5142828827839739 -0.42395893612993285 -1.0225660217960861 -1.7268532717493443 0.6204360947247111 0.2096213100331315 -0.06992480451570406 -0.2728631341771901 -1.57074663807369 -2.8929997708671444
1.6575736328298227 -1.149500625373063 -0.020494497974496595 -0.705503450816752 -2.7134159624317067 -1.0818106900872897 0.19751715346703513 0.6913414497107454 -0.2818359461181061 1.8757728361590833 -1.5091990636145214 2.4062660238633025 0.7038300054366218 -0.30618636647779146 -0.035977686966143674 -2.6835840740628067 -0.8085246278217734 0.32695064562940007
-2.536228945844233 -1.0538676037967447 -0.5097887664174489 2.4550671488322515 -2.1596589954635452 1.507881607306584 -2.4042002554790742 -1.0925828261529258 1.2296295847807182 2.4484534459441396 2.4719634777687065 -0.8214916364572439 2.3138517011828648 1.214549521080478 1.809619945032946 0.19252058979988274 1.7806974464283154 2.387177317254499
0.29148319746774104 -1.3459311206223281 -0.6363374005517745 -0.8120561455416794 -1.4204330220519983 -2.769061432596021 -0.522521835084435 -0.14484853929517594 -1.049249863670013 0.05272090857739256 2.3575218240342886 2.5548659932504525 -0.8115521858063987 -0.6067286248121719 -1.0881231030645826 -2.142323730269418 -2.091995354203056 1.5312064518061854
1.6728402117731764 -0.8731227681185911 1.9042021741759356 0.7620478451832612 1.1431768651552792 1.0766451662566043 0.02992509455436817 -0.04322904553115929 -0.41521727064179415 -2.078006715735312 -2.6660779936900734 2.469532230747123 0.31999553038757633 -1.2114631509691058 -1.1090221845105162 -1.3794571344974653 0.0626184991802061 0.3259565078949677
-0.41673192487212235 0.6217642639699893 -0.9599534800870461 -0.6747487809124137 -0.3334805264094074 -1.3982421584995948 -1.0780845297835797 -1.3669526759656274 -0.5242745625244194 0.9504862813167939 -2.8900506885030746 -0.2097059137073915 0.5798986453971998 0.4388673103987245 -1.000662695209817 -0.5821374578235418 -0.26903253500905167 0.17046667619979652
-2.025125599030258 0.16382077775462717 2.160053400783495 -2.6488193649147402 -1.3366847524651466 -1.513327386092708 -0.14405779056803436 -1.0404126287664537 4.025024833151785 2.3421850435435427 -2.468065108022146 -2.623304100639832 -0.021678268295532654 -0.7725872937559806 4.177829736448198 -0.08386655755476934 2.661837298945775 -3.018194026276968
0.010829817452239057 -0.7399341919566309 2.005029229957577 -2.452143572317983 -2.3349535336468796 -2.382598412291885 -0.9155074967903652 0.40010466648660625 1.5991995308324107 -0.280898978816818 -1.978748711440169 -2.5545960807945867 -0.7830994451895736 0.30674757718928897 0.7172112652477614 2.026296514782896 -0.671876008939096 -2.522912691035484
-0.4905883091499041 0.384604695164205 -0.6096962036155946 -0.8264192959192378 -2.139814050512094 -0.23043530214342212 0.1380421772996071 0.5777866022604929 -0.7665766766719326 -0.6194585075978853 -1.2521727742396447 3.037982318213647 1.0980056857259566 0.22732998615211267 -0.5508833817836515 -1.5289942327316148 -0.8774287864277559 -2.9737030588063025
-1.9467960780770135 1.615127035720728 3.018580885990234 -2.4474817179914106 2.341811270701691 -0.7637528914203102 -2.317291575622683 0.6105187939797552 1.6911532763857016 2.519083746529967 0.6393582947361844 2.25676152566258 0.4839661267466809 0.24622569665172125 -0.4992386905177004 1.4534592463205191 1.2455454540976334 1.0628877820380025
0.8494974480397804 -0.1417993432773721 -0.6248954597921682 0.164601484246178 -0.5900413873484168 -2.8348776344848083 -0.18745372929298149 0.5574343250483681 1.4575083438395144 0.20847550713960752 -1.7864136207119061 2.742592692836563 -0.40874274956938067 -2.0951728545420365 -1.1150883696649394 -0.9378012702848981 1.874752764130457 2.7917323324459105
-0.5512202546252382 -0.16528093036746153 3.374379728293641 2.9679490083924356 -1.3306634367147447 0.2786904516005854 2.1867339169393283 1.0634601479913597 2.1698128484074206 0.7719961442279205 0.6691223939918615 0.7866254399135955 2.331775667216088 0.592829184400337 3.675590867494234 2.4708826250625826 0.2426137620722723 2.8125800976231683
-0.3454310318706675 0.4224338711499272 -1.3086976022010295 -0.7304176903554722 -0.16142211731944406 1.1094354525142125 -0.16228978961119295 0.31070722559534025 -0.9711329059675644 2.8201708864128388 -1.5990760171570253 -1.6145652910932182 0.9923797553280815 0.19882625192971481 -0.1453276329023184 0.3085891952773513 -0.3883140421936939 -2.7064300169446076
2.3752888084195876 -0.04532009779486611 1.097766621669677 0.4399749409529528 -0.06869512350618613 0.4781762938464657 -0.6754844140331591 -1.329720739047423 1.4193570353499687 -2.0082652239120606 1.7616520428618512 2.3758088462932214 -1.6429942238130075 0.5248051698718881 3.8578475739966898 1.1623096059345923 2.3745361840826997 1.265516013756737
0.46641078616284387 0.693966553236443 4.333035942769162 -0.920545388054559 -2.849872921143766 1.3264806975532457 0.4855104388390602 1.1103086919650778 0.480548026711775 0.06806283879119449 -1.5340821295219491 -2.026281757615008 -0.3180165472135936 0.009626308585072556 0.8331634003202523 1.3579490584832261 -1.0949674257877295 0.1744642257290629
-0.1373786156147503 -1.0730924327840465 -0.09022875005628536 2.141092924357341 2.1232491895779146 1.7042763950800548 -1.9765944913462232 -0.4847875335221478 1.461201587963243 1.2589532118658573 2.197959513266496 2.2931653935616843 -2.3389554660671625 1.0588521978174519 1.4660000506154975 1.4937878169444827 2.404292190024063 -1.77956776311208
2.2883143693192856 0.6762913995226865 1.0370289119875655 -2.7952337335980593 2.3955464634970123 0.27494248654013453 -0.3477947280100228 -2.1772125615854585 1.7666802517700115 1.1446072534762268 -2.030183636232968 -2.5860373024558165 2.581925357215817 0.2999795535952279 2.1923302604331374 -2.5725915549660545 1.7601445976382468 0.17180615346908945
2.6529591764462976 1.6471498334950143 2.2273670335839273 -1.477202781783206 1.399610241203827 0.5115149808885477 -2.4111419761529826 0.6925945095650599 3.604154198801628 -2.048826920174476 -2.1856662889572034 2.7181474486503836 1.505372944258209 1.1402067079311091 1.8205734586009337 1.0815743441151202 -2.7292923836879006 -2.76233058922851
2.5399454848401186 -0.1177114133305418 0.694146864287535 2.84445475166412 1.4956520986886184 0.26629244362998916 -1.7860826823205784 -0.037703747556379355 4.214637199893946 2.264327083298616 0.5044303114568497 -1.0186276741112879 -2.3389292144106464 1.3000448787199306 2.019416074484944 2.07699461182694 2.3626643253705244 2.2304336573302357
0.25289524341825387 -1.6245406776817446 0.7001562583671562 -2.6454650376217828 -2.512734316924552 -2.6441256809665745 1.5212066387836443 -0.693248884854229 2.7252081826030894 1.4125569772988509 0.835044129948395 2.646834434805842 1.8378172019346501 -0.2913663507239318 -0.09170285829134334 -2.640751818261554 1.1303743586985333 0.38955561243764536
-0.11092713097492639 0.43391285842198646 2.398299019993091 2.511347668576082 0.08699968514241413 2.084080064124317 -0.9488701841005283 -1.5300200981218013 -0.5525588309607127 -2.6564610853730897 0.7664459730443169 -2.5581077357547044 -0.5114340116993968 0.6810390112457892 0.494072651349693 0.8355834583956688 -1.8317066702889553 -1.8443960383521392
0.6467675030408523 -0.0381159909034062 3.693283962859228 0.9066543339267241 1.8269207261991314 2.67775552489496 0.5263291915929328 1.334586875863742 2.6779300550547975 0.04420742255475689 -1.4923227123174088 1.4059665053779768 2.7302695030297666 1.2039163712534484 1.8920737303985933 -0.551925117529307 0.7427941325627381 1.49934153332214
-1.0817930378391394 0.35435403841608515 -0.4598836941548981 -1.02403715402597 0.8823547339258487 -1.3583088576585 -0.8563096077602802 0.25126067395108226 -1.306224745657579 -0.02733971386616965 2.294300797949644 -0.03729792197572174 1.2553894900109437 -0.26193883698460313 1.3582379088403442 -1.6706399751337848 2.988735395725422 -0.7599636043420065
-0.12227491419107483 -0.7356298900780807 0.742630742554896 -2.95927313079896 3.024980698900168 2.951733927149707 0.7024763872384933 1.0055448320212819 0.3507586079978416 1.3323064615041962 -2.657719412704495 1.1923241816431935 -0.6574217920052954 0.20629607981813325 -1.2328065642890564 0.2854806211289701 0.08112184102816583 -0.6874757789756342
2.1526574795239215 -0.11464743837768204 -0.22881711539894978 0.6881162595736889 0.21630939013685363 2.0889144503378234 2.745808794169189 0.6443771191017762 1.6523194970246042 -1.2902843096009728 1.9890637860077467 2.2637154367262164 -0.4791686339128439 0.4245139364243685 0.8264349675962426 -2.450130858501536 1.9424549135687885 2.62882432655931
-0.8939293589067805 0.21521865705746168 -0.8315085881200635 -0.10318150638571796 -0.4711755433221287 0.30309554215732704 -2.3403320504246055 -0.9694570920274954 -0.9727406166483262 -0.5668326971725058 1.977981465095914 2.609951140899555 1.0762019026182577 -0.870597220620839 -0.31952502614937617 -1.5291306127200768 0.8607767489433649 -0.7629965369834996
-0.8023830707158736 -1.3171267220466152 0.8960050366433265 -2.0767469338335123 -2.7235648788974736 -1.4411658901973807 0.1236483824850933 -1.144118940102741 2.010460353454137 -0.5559340264832684 -2.6797625151890863 -2.688851058565166 -0.035561937163546636 0.2855297562383026 2.1169001243856638 1.0228941561652738 -2.4040435375134326 -2.734372659447691
1.6128058777442433 -1.2191100217298068 1.372041388532721 0.5586124696813272 -1.9567629761175345 -0.20994448343850747 2.3447304682625183 0.7888405286024229 3.5768401126475458 0.9322971204255098 2.258923301523643 -2.361165467349233 -1.2137049647546145 0.13674533682423978 0.5065568862538641 -1.0159500107176236 1.250152183550675 -1.7499352345494161
2.6265041052775926 0.06758592561753209 4.621161956103459 -3.128239177751609 3.1265008788319077 0.8373402194260614 2.9533250745840336 1.8579771844367077 4.458654820990163 2.356229128520896 0.5471706860104125 -3.126592161272528 3.1285627189503096 1.9074930115751925 1.9489948869470142 -3.1396887109815004 3.1298304834314816 0.5342104467018277
-1.415628935104785 -0.0152482521610946 1.4787788685029761 -2.189995792504246 0.5848837184415393 -1.4947035521355845 2.0244276956121205 0.383699463742987 3.567597359060326 2.242548509728826 1.3137360220301884 1.8903723289384602 2.447737068650856 -0.583624034854275 -0.6610170017181938 -0.6674802118212343 1.699744629120172 0.4312811265118417
-0.4388184366275984 -0.16062644472071155 -1.2309196953334138 -0.9717322555517307 0.3337994962175379 3.079164663543937 0.3528798626376834 -1.5672926001268659 -0.9520167018759502 -2.869820245088283 -1.9814986139993842 2.866090063323161 -0.5313701900599582 -1.2954000729299753 -1.3828402365632693 -0.11744463338513142 2.7772418823088665 -2.8848934568586264
0.6693801146103219 0.2284107755657301 -1.240205910902616 -1.2928183552765862 1.0066237230860164 3.0619003361407375 0.402897485333063 -0.6934630410159717 -1.623015218067116 0.32306795849995495 2.056208016683672 2.804118020972566 0.8340211008524434 -1.9019755261188962 -1.0099925644810621 -0.5952427258055674 -2.3837906138961835 0.1942577539200962
1.202718316628795 -0.771275245877523 1.6441255651363569 1.2602180722350207 1.5705898276399823 0.26714049810371676 -0.22893054780608255 0.30800483221594893 -0.5084911679059326 0.6497053110361379 -0.2608820928831541 -2.195679526809602 0.3144942802749798 -1.2348973638004115 0.0506484747711059 -2.482231278044582 -0.7027698933306836 1.8480908654975061
3.0055036523474303 0.0690333322873489 3.234011030407364 -2.2511448231050792 0.2269151801677463 2.7820668599317346 2.88856980124563 2.225807187903048 1.2857450978831215 0.29845683913762544 -2.628268845263599 -3.065183682336365 0.5293963675111789 -0.41545345972873243 2.7287523096649515 -2.996292836095711 -2.4756779455769795 0.9887508537595269
-1.2044147552802664 -0.9296911743633794 0.46462242363274847 -1.8678910894300143 3.0226404714585224 2.93713706591143 0.8483779591844087 -0.9549339757649213 -0.03344881345721888 -2.6683080376160526 2.2576021034453295 -0.5746592825531212 1.1490749123957729 0.7983708150641807 0.5582289966782779 -0.3538751584314225 -1.272897402551688 0.75654717690694
-0.3407213195797768 0.6485592786202334 -0.36332732722095495 0.6468490399118555 0.06959057118603515 0.5021481937969935 0.7656964362309722 1.0585366223819475 1.0765870328491758 -0.30333653414045075 -0.8276449841869633 -1.3566773965016208 -1.0644916930493615 -1.695953133795171 -0.48803132092108037 -3.007648679305043 -2.3459918798761334 3.0062637254480795
0.0485559621469519 -1.2812879195948572 -0.051754765722896445 -1.871448742399437 1.2225645512204875 -0.038303369504843025 2.3342031102613405 -0.4246286155204637 -0.8516422686377781 -0.12515103002451497 -2.3272837281206216 -2.3418321739004773 -0.6897796227707296 -1.01206232980416 -0.49551863808856583 -1.7128269169605896 -2.3585289067395547 -0.43117707530549626
-0.0198987432045786 0.4832897214182797 0.75541606963817 -0.578180205346446 0.11418755613240353 -2.724748193315329 -1.065245140394641 -1.6107766985724232 -0.5955370364277084 -3.0526505783405535 -2.931431666589632 2.5561856904632356 -0.34495577994776727 -0.5335786489473898 -0.7427588311915618 -0.19795415590836168 -1.1868350628564883 -2.1673370904924263
-0.2268427789838167 0.3464557238092143 -0.5871112680107543 -0.8655239147195839 -0.6794490922688857 0.43222810240706694 1.2681034181773185 0.6587535578870259 0.4332230378246609 0.5402563897797469 -2.0975305659405796 -1.8698580188277478 -0.09170238531086405 0.4417363598749667 -1.168082646795998 -0.5162382948451599 -0.5642643407277603 -0.2941974261119863
1.2388946034270216 -0.7393675470151286 -1.0954536344919488 -1.0999577978517596 2.6143545814788394 -0.7191279379131146 1.0580981993330834 0.8003826242074501 -0.07945145072356041 2.073202587034111 2.4208473770525734 2.721699575788097 -0.37758280763477486 -0.939918756933291 2.1216108849648996 0.26270902484777775 -1.82395038304533 0.9370442330285322
-0.06475771524580592 0.22642439976498546 3.170539619991813 0.3014876971389335 -2.9888320862806728 -2.88422124313362 -2.503848227896661 1.5922133096288422 3.2813921291411923 2.8291752981257385 -2.951748042888026 -1.1244567032571318 1.2944513048718922 0.9561004900492647 3.6086338101322806 -1.6287058535615175 -2.7758798246002967 -2.8077535126872046
-0.23881657389964306 0.28942500408713184 2.9333150891151702 -2.01676219244221 -0.21567511421758842 2.0216005700650026 2.0075025446870742 0.6104361974023733 1.9347400105736683 2.019261463179671 -2.015515998177624 2.0192468725043256 2.0279781363485707 -0.7241440855965287 0.2795422672472154 0.7900599298097395 0.9487171884138189 2.0179479780613216
3.029415815527039 0.07497627757267455 3.2259106400959543 -2.3320228487126418 0.206808904840115 2.722621442243364 2.9338887103695375 2.257272703470436 1.2686678856021834 0.3051028431376733 -2.6785526904604926 -3.0567476393102253 0.5669373314771611 -0.5237957947005825 2.8300677851364178 -3.0199707877106117 -2.5343435827089937 0.9508106386180869
-0.32977335548288 0.5720176497434064 -0.8105667356844989 -1.8416198423183063 -0.275279314692676 1.8692622659740272 0.6717901918963102 0.5121407646076781 -0.4918708253690641 1.9924783658050982 -2.4648100477028 2.9675105179832215 -0.04747052900268109 -1.2478590522251323 -1.2019672961357202 0.16644815626741413 0.19752138135258232 0.22860478078041363
0.20779256614635894 0.4197901350434395 0.3885762436215909 0.7981199549533484 -1.4048502925699276 -2.653542154197161 -0.1912793364123744 -1.1428014503904533 0.6797048848330806 -1.770022520978778 -2.3543906796704124 2.7072024299779227 -1.8128459217720856 0.4929673734344461 -0.15108715935794614 -0.6536842121653554 -1.2370502562530148 -1.9434232708656685
0.15816069447829215 -1.788741235707465 -0.22611163386089672 -2.317471599486107 -0.07605712009256183 -2.9040400613556594 0.5036604565274163 -0.02847491775339292 0.012224230724669702 2.2907413298841672 -0.7501016987564543 2.684002316932377 1.2885540396981652 -1.1198333031151433 -0.21322592195683382 -1.3089947076254842 1.7647760548142042 3.0171376517609323
0.7815142811736979 -0.790008779409422 3.0998433675032397 -2.4732420600326024 1.3394237293396745 -2.1490077920548085 2.3234711271816075 0.44793107072794724 0.5041524948655757 0.4384030641246397 2.407637174693527 -2.310405902091423 -0.02923204673467859 -0.08222679656757409 3.6187314213172512 1.1868830421431666 -0.5492434866987449 -1.9167822876771272
2.4494137524015134 -1.130203406050746 -0.543092308343953 0.25639758004751273 2.055435198181932 2.4740004456328983 0.7088758865349817 0.13533513388971458 4.414216794560773 0.2000722331993862 3.004185615694419 1.5342360079261759 0.9981912955947154 -0.15675619417554387 4.288077670691007 -0.17481068115499948 -1.0334902345232604 0.7781878963118174
-0.45817215042149195 -1.7415313702521058 0.5492708981862012 -2.4499074108339416 1.6760538566432919 -2.793886132411842 3.0143857487650343 0.26852421012686556 -1.435738403676374 0.5776494769185515 0.99785061303417 -2.8375416245133485 2.795851722390881 0.6571188343186632 0.9947917465902013 2.854113227782137 -2.8519161837748808 -2.7748571128324984
0.6168672804284105 0.20039622921471784 -0.14203941600854422 1.6935456029566305 0.012625158693837568 -2.444821749754441 -0.9560444849941208 -1.7927717153442237 -0.9981276154570252 -2.3346913198311605 0.6874024592353019 2.8940328062088074 -0.20497420081515286 -0.05907906792480353 -1.1031912009601124 -0.020875837148963933 -0.053108960282481396 -2.0799949858348
0.04260245335788317 -1.8249477910541947 -0.9739908777641858 -1.6189414214727684 1.3328008921978578 -2.7255393764696607 0.9882251093611719 0.20493556948073346 -0.28153805559043565 0.8297080888725248 -1.8409673342623465 2.9381336434874434 2.57083886509753 0.24404443612848936 0.5797529237496472 2.7696995530250206 -1.0811043560885167 -2.786753380718694
1.035056311421314 -0.9430759074527373 1.5099192359250257 2.8085760243752054 2.110678807136006 -1.1850751472829735 -1.0817660568547849 0.363559064791942 3.280847225001523 0.1307480993756883 -2.5637570033622246 -2.405251952186575 -1.114653837613072 0.4017415668656857 0.3788822807827956 -2.297460760039897 1.7710749411998854 -2.8723278215308583
1.0114780266401393 -0.5531898059778741 -1.1934564437449813 -2.34373080053249 0.47331786328029835 -0.6335053264478154 -0.4236642385524546 -0.49616890475359127 -0.4022549794422463 -2.846119603593881 -1.8023179631343085 1.4710480670097357 1.2817460867018744 -0.7878467046803879 -0.4679691483080056 2.7547892358466894 2.2783010778341595 0.07491027483537248
0.06963627392903635 0.3728631855195078 2.7999854706053946 -1.7991636926125771 0.3865858390801577 -0.3310145891770229 1.5605067419065182 0.11357635199816306 0.5403625292294634 -0.23403050617047588 2.94116597900534 -1.3459131777341027 2.8468239900096375 1.6847930228878656 2.0921700004384562 1.5698060570892352 -2.9453477725242307 -2.9403253222795134
1.376125561172118 -0.8933577150099805 1.3516076813557016 2.06887513493303 -1.9272113286742787 0.885897283158058 2.8915695980747786 0.8305399874832144 1.6463232951253497 2.8937427760751686 0.27950725330723236 -2.933708648651911 1.92668360667111 -0.006053506143385158 -0.7055705751982689 1.7759310049896648 1.8106667691528104 -2.983994356029363
1.0794085038450487 0.1858896618257711 -0.5234964204380943 2.50114118671765 2.5317895156965124 0.21896296680802774 -0.11896177328460521 -1.478776604366423 1.4258466519201298 2.482317546233456 1.4780048399320642 -2.5226259828030537 2.767201366621014 0.889604653625427 3.5735878578409226 -1.1356269606543279 -2.6691393340437286 2.486302092114911
0.025662916705800787 0.5518975201442299 -0.6045904093022989 -1.576231194041577 -0.6574128655592992 2.5359026970820766 -0.7458636184903017 -1.5228263178873949 1.3267525960649147 -1.2993106693193115 -0.2952682411243897 -3.0281904183543427 -0.41377281966430435 0.046879895014287756 -0.906584555255946 -0.7370610754251495 0.7465508440633838 -3.0368576544701815
0.31115248699645237 -0.8018337969395655 -1.5089239133393235 0.16552146302019122 2.628525361166057 -3.001880857158203 -0.1345958567881759 0.6824242287442799 -0.7098196723040205 0.05716325244058357 -1.392251911963461 -0.1897240365171376 0.5892169771692132 -0.8295894879369142 -1.049446285907663 -0.9740971455823118 -1.6256721979422137 -2.4878973319003324
-0.043564814286871166 0.5746009908787807 0.5880791974211231 0.004765088016992523 -1.706510902968288 -3.0566729137252597 -1.3139332070172682 0.48381447623333884 -0.2863941957466997 0.7223795476520085 -2.307762071451955 -2.9007616526446776 -0.18443865908573054 -0.16647980000347068 1.4887388653019753 1.6691784158947276 -1.2823961705361742 -2.2605564924206876
1.0133701271413482 -0.12579651643047146 -0.6300223065254663 0.15204933892110875 -0.6850289382161496 -2.7993892708495083 0.14764066628304184 0.4466518407712692 1.5361751954843057 0.06219796536208083 -1.7617578310656201 2.8904119562384216 -0.5023772852700804 -2.2140456083228086 -1.085082824991355 -0.9604914304059293 1.9284933195810838 2.82702333619399