-2.1958495061993495 0.4798478358916596 0.840956203227849 -1.2984771017906074 -0.023936431904101496 0.9882756734111667 0.7928572765783156 -0.36554516093624645 -0.5554568061706725 -0.7036138220184507 1.6536234621550976 -2.606060919241534 0.5147936628755918 0.4557475661548114 2.9089266162909775 2.3894094885286794 -1.1334202336207155 -0.8175754137242146
-0.47454891119352 0.114838551409796 -0.5901546333060218 -0.4811338638869764 -0.5660509507026998 -3.0690622182540466 -0.05457357336284311 -0.923365946768136 -0.5739444446073966 -3.0185955216583626 -0.15989236802922766 -0.8289108568551515 0.8969323801222109 0.18172697636790247 -0.022813309892034807 0.03942333272164452 -1.0545595648880497 -1.152862155840376
-0.6563352205944997 -0.8308347369662089 1.4058980633883469 0.8503698241109954 -2.6136396951975067 -1.1872098840606733 0.0225854190918717 0.7606284149520329 3.3498241891898757 -1.465668310381826 -0.7938146152872538 2.524691741127499 2.503751934505288 0.5077429320120221 0.15134077447470312 -2.5854312499722063 2.3761409372055997 -0.4394027837061751
-0.21235884351844653 -0.11598575487816683 -0.6960294380539607 -0.5908315339518581 -0.02448736025071305 -0.46016532874866134 -0.33989851700147555 -0.7444465585494708 -0.9408868978630059 0.09618991200721684 -0.61957264261124 -1.202263378396398 1.5362921163754235 1.339409466576374 2.28074699573958 -1.1120755993631886 -2.8052902247808924 -2.532924518895647
1.617937696593503 0.2558018543663605 2.224031513465885 -1.7155092468780653 2.818788122429783 0.1728644316289628 -1.2548487172053298 -0.5842244544361452 3.7969533625663505 -1.4987194909661674 1.9668574817616227 2.2182188064206945 -0.6405456731302028 1.1428575946047759 1.1625343531554773 -2.522274249149533 2.071348009591919 1.2491812400241131
-0.45411160037279885 -0.506087604549021 3.746074686560268 -2.203463812516517 -2.3862321231372867 -2.111096010794982 0.3013626044640776 -0.5426999121966835 -0.6844938080983964 0.3128242576938807 2.8993113435155045 -2.445571512258378 2.428832023311217 -0.1172690573164456 -0.4175025828397896 1.729903623697845 2.034328623640391 -1.0507348791564954
-0.05237296896393498 0.29718456588873565 3.3421047714050967 1.8091100180658932 -0.5308331114049024 -1.750910349256043 -1.7775113330890564 0.3884555722071844 -0.23577274568883966 2.54616228240185 2.654228556992705 -2.4815093204909493 0.5925397358299272 -1.1515274697000453 2.7209326264349185 0.044022216916876966 2.1165199440955034 -2.581724759418208
-0.2744221867247305 0.05084651762643751 -0.3453655092358152 2.6147798577915697 1.936544225045843 -1.7322867069384151 3.1023728734225764 0.5157460891499434 -1.3251906485694158 1.3610728335170437 1.189190642492325 -1.288048350069246 1.57662646725133 -1.2650016782549958 -1.358526271474682 -2.1676925662675246 -2.4470981869455146 0.9617110348303847
-0.8893298921527564 -1.1506035689528833 -1.2498558675626452 -1.6813750069202984 1.2014464487850125 -2.1519808031579473 1.5063996044956123 0.4933681025793266 1.091599534418188 1.7419645321078945 1.2712311862699937 -0.8087941352052027 0.8787091551257421 -0.6856518331807341 -1.106033622459644 -2.874918440399769 -0.2723731296070287 0.7554594164694386
-0.18569579986726156 -1.2830431058504272 -0.8557510695901289 -0.4092087485420919 2.378366749663743 1.9079357272519843 -2.267189271758819 -0.845698194861764 0.4386405566460862 2.53466830163462 -0.5069151066255723 2.4948204571990487 -1.80614385261614 0.9326622528175526 2.864812726129435 -2.3396270961044436 2.4099103648392988 2.308159651405085
-0.37433736383711685 -1.1261416353161215 0.5326106867617221 1.215369383170004 -2.1591728312470795 0.4727124591500818 -0.06501926401869806 0.8190042686183763 -0.11617640870462348 2.6170368246481566 -2.276179727096915 -0.4555852937849352 2.2519557551226246 0.09316613826517961 -0.6911271859744661 0.6589423650807795 1.922853121816672 -2.265932597470518
0.221878800843833 -1.841010662233029 0.8749086282612657 -2.389279890667611 -2.0950531277646074 -2.8899969611067577 0.5110557736503849 -1.322877725508311 -1.1216023968327398 -1.224893188654082 -0.34071777867368674 -2.9268641658323533 2.072052883005886 1.2240505241649404 3.6313178213872126 2.6856496558677843 -2.7095375431554913 -2.9947754751284785
-0.3808468072296364 0.468564247740754 -1.0568286788969314 -2.8740409977469947 -0.0012392031313826907 3.0464048024324564 2.9698641797724252 0.13028766678909018 -1.471654858006421 1.6959500166081591 1.4519247658501067 -1.591626663039576 0.9978468626619851 -0.26174164741690875 1.881749204619282 3.025838687195737 2.931910246971129 2.9991516216036813
-0.39447267540579767 0.43373390243707444 -0.705398805035795 -0.17273052704259456 -3.0771624537567073 3.079848276358926 -0.40505757603303727 -0.5700476774122897 -0.20332971223966836 -0.6764403923923471 -1.7450835048460485 3.084418309226674 1.0625393716966969 0.5039622859214298 -0.06262781054244602 -0.44427135408442475 -0.5020935574372084 -1.5977222753578495
2.068187773744676 -0.35494270790686877 4.268162600374875 0.8387429883678746 -2.3830958633679065 2.7640247971361482 -2.6638256977236794 0.14594338626373804 1.6456829378897169 0.2832233841468356 1.537670320591809 2.881874739450022 -0.38216762741969545 -1.733283906786992 1.399557451526352 3.080455851056325 2.4177415993504696 2.8330874218941364
-2.046915221356139 0.736079789280417 2.165605867628241 0.4688631448174636 -1.8033479855744095 -0.6846597250279636 -1.8842636777734232 0.3356321224213674 1.340230201935352 2.178296657375173 -1.7286783059677815 -1.4837731528773663 -1.6045781438398887 0.6637562112589243 1.6751952127335397 1.7352632741712077 -1.8761766266087936 0.7680659718251429
0.33161387399130204 -0.10121834845761649 -1.4049314444249512 -0.5383897416554656 0.8605878806617049 -0.9657755047456086 -0.40430165010596486 0.29184027207771157 -0.38258707427808536 0.4896049421480051 -1.6709632438310928 1.580199930712936 0.4460150734485253 -0.20755806145918643 -0.4189596241777245 1.843483071769719 1.50801105053106 -0.5226582731855935
-1.9444460894478153 0.8717229332313134 3.243268572060127 2.136104554743127 2.805065180373025 2.8617414301074797 -2.724808711502617 0.12482677689525198 4.065685886725832 2.0743848362774844 2.706813954254586 2.887814728272245 -2.6641782973616768 2.3730602378592005 1.5043844278520184 -2.4677880560403693 2.7347560351886413 -2.9739709090207462
-2.7515033202063854 0.6070895353336925 2.5218942994368323 2.689065184731872 -3.052687714325918 3.0346371975782835 1.651524201448166 -0.6510452907886736 -1.0276892189578408 0.012280970704325198 -0.36431871414717265 -0.340775884795475 -1.8515379525632878 1.3496234850236026 3.9835119021147634 -1.0155167527441453 -2.9167957041582087 1.663478022548336
2.235116652472256 -0.46371249277326254 4.533983396314917 0.707424198075806 0.7551878075663405 0.7145834940431963 2.991654760128008 1.1480799510776774 2.0000959075707327 -0.24447022064919982 0.9450260339955541 -2.8341744497048875 2.0119939477067597 0.276837793061388 0.9028468934948295 -0.15862455666007155 -2.9270275251985582 2.978567210861895
-0.21792442601563877 -0.6253114381722733 -0.8357965187137815 -0.7731819218637119 2.6029326215221893 -2.5529327006141966 0.31009677019738163 -0.8412159612716168 2.89703248266473 -0.43694859469008746 -1.86175029106807 1.611991462491635 2.2043339114373848 0.26242282712971166 -0.07148520869415254 -2.240886510329565 2.245405009358092 -0.4200786881749828
-0.484222193413198 -0.07751651765776736 -0.8720420418457088 -0.07685218557456537 -0.021253528170843493 0.8978208401422674 -0.4417715013748754 -1.3046313648758 -0.7132396305383583 1.4362809059870205 1.503967761697664 -3.0444502119803536 0.4039884498574837 0.21512826219613612 -0.59571294044215 0.46461045129855283 -0.31792548255801695 -1.3953811091402653
-0.47745227388694955 -0.39629914916165315 -0.2237755346591129 -2.0988077504471505 -2.0359600084197442 -3.041903326591007 -0.4342840735194198 -0.4938118745747794 -1.290351649612969 -0.8169620746044495 0.34697780605035733 -2.994808631974277 -0.1098129694928708 -0.2316243349024306 0.1482349875625642 1.206654662328438 0.0032295480205853447 -0.8816581509400623
-0.40112818358689517 -0.15708141873518233 0.8029700777311763 -2.040896198911396 -0.11821990966138379 2.6451522354450723 -2.0523492273033384 0.8532004748879186 0.48477053415830507 -2.684682699494424 -2.583316473744431 -2.670038626884327 0.6277333453335812 -0.19755583342183852 -0.7045180054552141 -1.0334707082089094 0.18537082788967346 2.487706848304179
-1.2149502864305213 0.40610548639301225 -0.41055765848461717 0.025873032463885677 -1.7476058755357067 -3.0966059162712765 3.0796573737378785 0.8930824327131878 1.777670679120486 1.8657080020347008 3.0599759520774374 3.0637781939013045 1.0021026242171103 -0.17657945660150365 -0.25299949955401296 -1.2613878534787732 -0.4216871791371853 -1.506150873714123
0.5701869542282457 -0.3218571337598629 -0.8896601760686973 -2.600804906984467 3.0875977083928428 1.0097694456506197 1.1218464071780763 0.7928607012964273 0.058413939706532206 0.3768777661072855 -2.1955271583382543 2.2242041265527854 -0.6581411703836875 0.13171332329866475 -0.37511675114142523 -0.5721632440036519 -0.8231642481442822 -1.4828414828147252
1.8512914351908114 1.5621614104035209 2.871144734190724 1.3716001136066756 -2.874474453161929 -1.7045740413953103 0.23843981824623886 -0.5188729550352402 1.0019367086652482 -1.190644521693168 -3.1382276954631076 1.6155815875726598 -0.5060177125206242 1.6378858762388318 3.561439356012231 0.926962060729108 -2.635404674113579 0.24192473799089673
-1.386457135607006 0.5811530176404451 -0.2700998590284178 -1.6061362977065847 2.169227439897397 -2.9165469960647834 3.0475246981013524 -0.23348805549551827 2.408319124123674 1.0891651577496881 -3.075543340956764 3.0592265139218684 1.270218955021711 -0.31874212407563307 0.2645474527612338 -0.281673704398786 0.08804235641679171 -0.8387442288101662
0.10975371082924433 -1.4683086238565475 -0.7165539794103675 -2.3969912607105788 0.11577477595319027 -2.5128310115913366 1.0132256312583425 0.11337135085957749 -0.1640800715255299 2.252509083262113 -0.674905148588333 2.45916995776655 0.8360016012163156 -1.2870547477755394 -0.6622966714983118 -0.9184989090265242 1.9639990344961926 2.4285389534964716
-0.14932237385418679 0.4784756341747848 0.46019056632599176 0.3345969932 -1.088076434138441 0.3977855822304072 -0.34606739787315377 -0.16081256191588442 -0.32841851901755253 2.488012961243766 -2.9982693549351622 -1.0752664418207456 1.5988695549042629 1.3659784963733113 1.1630025213395325 -0.7513143618946545 2.0135912841738706 2.3368889236687584
-0.20567254135549934 -0.13456509498674452 0.4626625467726118 -2.9111577947608533 -2.0556634582067432 -2.912887986688984 0.17505329549502138 -0.15958846425261897 -0.5125834477104404 0.7931202137180835 -1.3341476561298486 0.21226122365663125 -0.5237981913165772 -0.11436486799230154 0.23074554729282487 0.49909384868692014 -1.58152896794862 2.91133319635704
0.4375911561415546 -1.483973636502748 1.2396696148027633 2.9676746207080282 2.62625279765534 -2.9846779325137014 0.062326274545625844 1.2889891292579647 3.0420674496057445 2.765043745316705 2.814284223198173 -2.624616165257814 0.19993363681725912 -1.467601418235272 3.9771548606534086 1.8534126571120053 -3.0163929913612666 -1.6186541318055463
0.25860038795675533 -0.1790572146903501 -0.7828048610476006 -0.6498540319987467 -0.5921228326096368 -0.5769674129224421 -0.02497445412825776 0.3826921036752215 -0.7435124055648661 1.450053889456608 -1.0874588585351244 0.6999913911535076 1.0870503939325162 0.4308784535434196 0.033989162400220235 0.46976289941296423 -0.7657351930347985 -3.083520782945781
-0.721102014630279 0.5810908004810349 -1.2339423503837808 -1.2481913657726107 -1.7031918460567657 -0.9742210360362882 -0.39266556334267283 0.554697238513183 4.484168796487005 1.2348543755500803 -2.8218228557366403 -2.897697568741945 1.8190231761164257 0.5826053803156482 0.7881683345224368 -0.5037461862390227 -0.9583896611313184 -2.4350642256534076
1.315305885721239 0.3239158677733583 3.3630113029847184 -1.506282296077297 2.347454824635335 -2.6685155295311698 2.5850195151230206 1.351418726287198 2.6511099962949993 -1.6336711696804591 0.9484415873540225 -2.292011720999973 -2.875990383641005 -0.9722205065528116 -0.7259435696792294 -2.5083025921424427 -2.962911412653685 2.0919017803033846
-0.42436332386189723 0.06631232077149118 -0.7689615256693322 -0.9617832034482092 2.778289541409359 -0.43619458459359894 0.0611826503246867 -1.0146729766928384 2.3674935840658056 0.18684911413354988 -2.587159947564382 1.852237287855879 -0.724693024450592 -0.06735050564408848 3.293311677166867 -2.384233647636656 1.8605834276659456 1.9627863473546292
1.3947723173061046 -0.9176068867321077 1.2881218815718134 0.5944704100253988 -1.989727241801803 -0.30727798791324834 2.3745395218941905 0.4203923832357824 3.863480426270632 1.1021704071204177 2.390770258530966 -2.3883398163848994 -1.3706309083525385 0.16611676183002974 0.3724293648682735 -1.1244091722773775 1.9036589924034504 -1.8588382655647337
0.03038449312751596 0.5490059116812406 0.670883469921209 0.7880804940277396 -0.41263027522913515 -2.890391334710276 -1.7126095850505814 -1.509188986673879 -0.5214845897249949 -2.947894258762379 -2.745629363770789 3.02842145791951 0.935428080323872 -0.3797114606338694 -1.1236296481205477 -2.1167456339657087 0.7015490444276168 -0.11040265449273773
0.2842270336053124 0.40073134875018357 -0.8030454183593474 -0.20895131100338088 -0.6787263013303895 -1.1747289269043195 0.44484325969563626 0.8482259229537119 -0.3640179391298247 1.8278472826969228 -2.001580462154436 0.44836932160331505 -0.29424682588615225 -0.45854201696141794 -1.5260398036624325 -0.8032319618802363 -1.779732420865391 0.29256660298603593
-0.29999265288344673 0.5154201544393302 -0.9969778866277759 -0.7232992125056903 -0.45804016497331473 -3.035082453458747 0.4712722624708967 -0.32668690212387336 -1.5487156475195087 -1.815948616338062 -1.5693966202231076 3.0263605355506202 1.0514950960259637 0.7427322085466009 -0.4046619436166237 -0.34232086892296937 -2.860217089405277 -1.7450431023575246
2.1486812892911353 -0.14374806220154684 4.309385988647329 -3.134970822461082 2.319125411248099 -3.1337858518309676 -0.6144053155811056 0.27396723924214283 -1.649352257755252 -0.8716632763419375 3.1383553633974377 1.0448022377958237 3.133515155025168 1.4256963981177924 2.326560573879287 -1.156169514612711 1.3319184542045905 -3.130968937625334
1.955257110823847 0.025109602442169608 3.356272514783063 -3.1334364343607515 1.4901856891771854 3.1337476204811354 -0.07975679953267507 0.5143602490697868 -1.6503346692687098 -1.2721850275061388 -2.656677168635083 -3.1341756854350815 2.3888154290634875 0.933923004554549 -0.038949079486594054 2.802865389083887 -2.0524994015509157 3.133827277584968
2.5518660009363283 -1.249940169535051 -0.5950865621056192 -2.096840886576452 -0.5367782118921354 2.483293364283615 0.2737902217774243 0.6298362983406889 4.012661592595105 1.1705206806870148 -0.5369507063252845 -2.543735411982893 -0.3449981266297658 -1.9265085550390522 -0.6721508413822322 -2.0866895226455044 1.074684040921596 0.6303257973648054
-0.45958450912667853 0.3712673011826519 -0.9386766678866016 0.31537601481014166 1.6411602791514253 -2.8463611168813614 1.0358144894218344 -0.6264026738095065 -0.9092668792336843 -1.5007593841089981 -2.568337249140752 2.2459843110948787 2.369470918768546 0.4210319581788778 0.27894654893951587 1.2110536352188803 2.843716046102416 -2.4454434378690326
2.8283287158093997 0.3555593524926374 -1.41088329868724 -0.15950221548220203 -2.588042588353766 1.0159324504849003 -2.8459680636037694 -0.6577594906387839 -0.2914941074440425 2.8687343056551566 -0.7912128069189586 2.7969904892718884 2.708376578427943 1.0416062359367186 2.92296332515774 -1.5938704144400508 -1.6143128344115578 -2.591277494698876
0.8332395701784256 -0.19506237591215403 0.5633402552317697 -2.1269325819925036 -0.12481228612357748 -2.4148926434056563 1.520603083755454 1.4958671711010099 2.3089168821559167 -3.0389207356252608 2.5532487568341757 2.7677007357334396 -0.4929417380817177 -0.9972983377162765 -0.8154863186362055 -1.8475072456459172 -2.4277437190379856 -2.7624918394205538
-0.9787764294107729 -0.7653716002764476 0.20591300085873432 0.40785180152977035 -2.298333654459409 -1.5218548191744212 0.7841377874889336 -0.21645126596079872 -0.9820597037006165 0.31866232328870264 0.12819964642700682 2.872145737495166 0.07441340703794051 0.6869154430453857 0.03970337232302688 -1.2522682789498463 -0.5605603647090754 -2.543173103548713
0.8023011652735117 0.45744119471155564 0.3611794591925905 2.6217385739328978 -1.8922965998851549 2.8869820640910935 2.589514327334167 0.9681144074551864 -1.4066909100128384 0.9316410568394544 0.836063493733064 -1.2292028261873313 0.4024837359101897 -0.37463112465684273 -1.0458701321790416 -0.21686865993202478 -0.28762183192198454 -1.1506976785458065
0.5562484037372004 -0.607420536536794 0.06968495629936544 -2.85715040404137 2.843258932877165 -0.38558223732918645 0.7062098544554705 -0.6343142791540655 -1.273061121585956 -2.0111889565571124 -0.023672993799717098 0.6342720522675089 2.106670151658266 0.775381660379438 0.040134450688705914 1.5394660206954862 -2.8598177904932145 2.8542517586349154
-2.0154414783541315 1.2823639197790975 2.5036403443452317 -2.4006663558405346 1.6251139160997636 2.6247801179942676 1.382434497968858 1.0957905177329188 1.0589500472395508 -0.4210453749707319 2.2232857247068836 -2.6301468405880897 -2.6065845311754763 1.9668373073008443 1.915086722683605 -1.3206260241409287 0.13151049429352607 -2.620360157734744
0.039121675184466034 -1.8454496783733605 -0.37111893999233797 -2.5555838273294396 -1.6196100281239834 2.3741586060066755 0.8464073362118687 0.6267096468591572 0.42854268547929475 3.052615404778134 -2.3305138032262516 0.21745466839098343 1.3104563049620062 -0.11671543538439831 3.0125349283989333 0.15211352076001988 -2.081664556337691 2.342050654557278
-0.4852953074127839 0.2858675127388425 -1.1446911685385468 0.5045423091173526 2.1840292580979477 0.36777274028213525 1.078603929566344 -1.0165163774273651 -1.359771152683464 -0.7221813094936547 -1.3085058557001048 1.45395160457367 -2.8201550016070223 0.49050943820370313 -0.15542793223946694 -2.8252593122009415 2.8802956573710934 -2.837854354765416
-1.480711855272604 -0.24104983668623817 4.321295457886135 0.24414582641090732 -1.0373231028545384 -0.32842587821599306 0.03718140050808057 -0.7749563481022443 1.2249344304688956 -2.0616581651354546 2.3812765286602096 2.7710411201806435 -1.6386897202091384 -0.4267665666132522 -0.5053470863956407 -0.32748431214275037 1.1952965034120728 -1.4496219739238698
-0.5142839390748067 0.46076018083338693 -0.6596334185484407 -0.7693056143460869 -0.7229425367798056 2.8413896871322883 1.833356282116552 0.20701293813065014 -1.3744470202660313 0.6099552512516102 1.715523889030251 2.864293944508835 1.5094526889857334 0.4421835972685114 -0.5561011813108578 -0.2849136696039176 -2.8512313733119896 -2.8397183957378105
-2.510573834785251 0.45894353568287494 -0.5462209573953697 1.0768164646422969 0.11114512245388111 -0.6121857225291955 3.046255401704362 0.2697239176133158 -1.5747171076007864 1.1484104685011636 1.2270335401721169 -2.9990481124557893 -0.454021410709967 -0.5395467979484858 -0.8132369468020356 -1.6253477595203283 -2.583968096331388 -3.000155436783673
-0.5408571136005855 0.47952132493654254 0.004681927910097583 0.6603775512655298 -1.5454955297010884 -3.0655925147696266 -0.09064672321592691 0.2658803711765393 -0.4851142850089883 0.1629739362361446 -2.2848532833977457 3.029452645079181 0.896283243323599 -1.2335431851538636 -1.4123230494834962 -0.9307217869352112 1.150886997414631 -0.7434771687453345
-0.3882568287999938 0.47435993834169876 4.023574320563893 2.252856123167722 -0.47469106163609986 2.631957002501711 0.27067678319564065 0.5934714789454969 0.01030964689280934 1.479517634891457 -2.693049607893898 1.2621026480219442 0.17269228825575736 -0.5830753909541366 -1.2579468498626276 -1.0093246981879211 -2.6837051008042407 -2.6696507928438002
1.888991688943013 -0.8401215938931773 -0.8654282123760145 -0.00150044323913065 2.6292718722557082 -2.3805696089607893 0.4881581980532509 0.20690991337362247 0.0872592563944802 1.4538676135849022 1.99659796870626 1.9384186997495505 -0.7974317405499582 -1.3769298897250777 -0.576989461069036 -2.684392412071973 0.3756857964307367 -2.616454730408574
0.029723747512210137 0.5305009643241746 -0.3758648517949039 0.8233617809896054 -2.905689857604452 2.872699617629649 1.3528196787428457 0.25301280572984797 -1.4119756273702873 0.7407953422856399 0.891128559071418 -0.4533934171205873 -0.5209263238200696 -0.3734557864647212 2.20026396420775 2.815708547268037 2.831566408881876 -2.835968561203656
0.46655489011409285 -0.6425031012350114 -1.573806058779349 1.0517925775860693 1.205843893805068 -1.6314562092352147 -0.3404102945120615 0.5662086436749789 -0.9225751736975634 1.0707084273575316 0.6214360060131782 -3.0540076166863517 0.26010492662073353 0.8742219895947401 -0.182150979100856 -0.5514277461246441 -0.806402511328473 -3.035721083946485
-0.9408846092992607 0.16405080037048536 0.03652846813301273 -1.074247247604901 -0.9767662605363341 -0.5407971016050611 -0.4424954452613198 0.9626993769169131 -0.02322120768470691 2.088491814431672 -2.7236978625034007 2.9852436793467088 -0.389419950454343 -0.3250615067566074 3.254655624107425 -2.996333299021523 2.941615604148494 3.0110479747406473
0.256709781614191 0.3013706562104875 -0.6954076588346141 -0.4604076573991325 0.640556046862482 -3.0129513928961416 0.6568636032852716 0.35553355725969527 -0.4135229990149857 0.651152725992345 -0.08332485312536159 -3.0237562858368814 -0.8886567169475658 0.5507727266436967 -0.541548213435493 0.5446915387480225 -0.9123513443546211 1.9088862513425557
0.29544937715017006 0.32372380615918184 -0.6690898714328276 -0.6675267827181565 -1.2194654118971004 0.6456559892227657 0.1621182027269799 -0.037591242770445205 2.6559821904898353 1.903391544035668 -2.8732936351426797 -1.8748664333619482 -1.6325607408175555 0.8562585915515442 2.0027604791847815 -2.458710401420127 -1.5853438552881707 -0.9355836692680362
-2.497901881234657 0.4642946475631901 -0.8422392136613747 -1.89341508201145 -2.5385416590968797 -3.0826878917377303 -0.01288117878181251 0.9603785813394051 0.32586474642342333 2.3190960789224175 -2.0795142916184743 -0.3364392418194878 2.0675189180560385 0.762905987800775 3.871263332656478 -1.1250120688826086 -0.5396876942745833 2.4576978128846014
-2.201934861346998 0.6458841488435086 3.4406140304285766 0.930622229240131 -1.5571124081385979 1.6777153235960949 2.1771318241753033 0.9178568774628507 1.8142353130917768 -2.254811506147512 2.2286463794623392 -1.828077301895287 2.28420869872258 -0.5594269410841867 -0.04316203461082653 1.0438721026828894 -2.2887568130880194 1.209355409821876
-2.531767226634724 1.730787735935045 4.179868581569234 0.20759769111488022 -2.609021260101042 2.5217718310966113 -2.769405670085761 1.6259940174407128 0.5687270681872376 2.328479724863113 1.8520103621676454 -2.6781265882138254 2.231729535976432 -1.3316051847690322 -0.7668194969027949 0.5947169999571222 -2.629059901576746 -3.013382325360139
-2.8169462199188544 0.3845265737657884 4.177155969399354 -0.35363660917476114 2.740102970251604 1.1975412959800216 -0.7671023021527693 -1.3562316080477834 0.8799023260885224 -2.73613682197969 2.7980173527071406 -2.7448734409581625 1.0769590483967788 -0.7498929134978675 1.4974192245551095 -2.7939935129467894 1.9740409637310024 -2.7644348902608544
0.17806482392735865 -2.08971392298835 -0.4175624769902761 -3.079063901203422 3.0535519227587216 -3.057597225848746 -0.3850357313691614 -0.00863753291550308 -0.5005678282136066 1.6148563144478565 -2.338124751432692 3.074821351697831 0.28436847608559845 0.5732570710546001 0.26099436037832324 0.182420743473459 -0.8147300518417393 -0.4949079821277297
-0.4082410709325474 -1.878183028736834 -0.25247659836503394 -2.409429914290584 -0.8108747573546093 2.3558020540414093 0.32918524324676146 -1.4513353607473014 -0.808540754832448 -2.9632501847025803 -2.4864980248787756 2.549076947171032 1.5672936506760446 0.7900011987826497 0.6007644183567383 1.4080378654003434 2.7584707596582887 0.182848213295562
0.17654159364328645 0.37983060998653484 -0.14753991285049348 0.050591587753930356 -0.3519444724490395 -3.031751046905164 -0.3366124540368756 -0.4818056033962277 -0.38842952898948047 -0.7674335418344935 -3.011493476616887 -3.0111948486987217 1.2370639864584378 0.7999083832288377 0.7156386507655672 0.14222718627664507 1.7033207541013338 -1.9118810733892875
1.1784901304743955 -0.6271455382923741 -1.099305293823646 -1.0433878616943766 2.6460850708870534 -0.6843627790948941 0.9795011330652247 0.5012165338643942 -0.614740550109601 2.1361591412579735 2.1302197251717834 2.5386709035443973 -0.2755298557010484 -1.245883317332189 2.1869226985882926 -0.1550087682414836 -2.0511335765858107 1.0319470452165531
2.453520053465506 -1.500522675319023 0.020659516649554954 1.198388505388006 -0.45444712503505824 -1.219111545619318 -1.2825571418898378 -1.3536541704095306 -0.7879792475858369 -2.4501341714656317 -2.5364837634737194 -1.9328489817190644 2.3686568898579354 1.4719724865172696 2.82632786321177 1.3128668828328103 1.0650816484025676 -1.2621925661545499
-2.166971860567424 -0.13154913623746936 -0.648014044915747 -1.3338144178014786 2.198247263363139 -0.10269635772964383 1.4167482136059233 0.6511266842545048 2.773993370960186 -0.40605458712685705 2.1474069215026224 2.1891957589280113 -2.152339025628406 1.1205769225260185 2.2995540272059163 2.19516863513533 0.776826478802136 1.0074411653244304
0.04209809685663282 0.40443859098984714 0.19963730553119763 0.9399837569227327 -2.9467323702094257 -2.93637639932226 0.14623925481443545 -1.7669116952790012 -0.41438721261947725 2.853697124770532 -2.363072579456038 2.62811815987293 -0.7480172911800373 0.020961074262964487 -1.2527082706057358 -2.6273973906045223 -0.5281960255582752 2.327035245793413
0.028711121294416525 0.1556817413891554 3.457312541235611 2.6245430161097856 2.377214153034477 -2.3571484186368723 -0.3416938389200539 -0.21994451718341745 -0.9905317906361916 -1.3495444509066516 -1.038977064589796 2.0658495870531195 1.0854995939568874 -0.5102830415333929 -0.8488762230087726 -0.5952449428720794 -0.3677108171850632 -2.5663823542580206
-0.41261276612381675 0.25822001415268375 -0.343542802312957 -2.7978550481460567 -1.9085086476664468 -3.018987030243854 -0.22369536339798568 -0.3330642498411751 -0.40649164870322463 0.8556546738484514 -2.152195378840304 2.7670876811485163 1.1179345645315428 -0.6433074373689281 2.498055480705226 0.25976054276915345 -2.9231340328762623 -1.9887267699559228
-2.7902007189499787 0.16628530566725838 0.02020029377286816 -2.819243084655893 -1.5720586107275154 -2.7338209494320855 -2.7378265140298934 -0.5093329081975023 -0.2031788192982497 -2.7332367414205665 1.5712157617365559 2.711181953497078 -1.8181216968554883 -0.5300633039480651 3.0354559448377594 -2.814517594363878 -2.7281365308536234 2.8215161182940527
1.7728843322863876 0.5100104167444043 -1.0803042033746324 -0.8227291428599788 1.8250483453043134 2.425928347315999 1.2063921527501265 -0.7365386715751873 -0.16378224551280104 -0.7671246605481875 0.9128650255852986 2.3521722334898567 -0.9118297658940732 -1.2236447320416994 -1.111789659080123 -0.2399436134626482 2.436249326882793 1.8978383263873464
2.0894048284842457 1.6668037872413428 4.03995469585099 1.9703500651455488 2.840652918758542 -1.356050357243496 -0.054560237262869765 1.2427122116636211 -0.15026353457145378 -0.4737326393156263 -0.8827234480725386 -2.790538518886884 1.3779875770572736 -0.7165697858714388 4.216424149013162 0.35481183499303354 -0.04861728710347817 1.2111303255309538
-0.04324341191784216 -1.123643189703323 -0.6744074371340721 -2.5821735373083072 -1.706034066679979 0.7828236284435471 2.668188576143682 1.2242082382318185 0.9578666498843513 -1.049034173306355 2.5155667877238046 -2.6726857264209554 0.8834431330382511 -0.7382616763721798 -0.6082842215571468 -2.1813752899602563 1.1039213823770169 -2.6677948105186253
-0.2117434858165871 -1.9035503951336108 0.2231754160436772 -1.1032122281261687 -0.2883720884547435 -2.836994794335756 -0.38836994878470255 -0.31950867731744015 -0.8659956939569596 -2.677464812754178 -1.7464221725866602 2.9901819721691734 -0.7321413351749424 -0.5462515272754214 -0.9170000967573022 -2.37876261528247 0.27318355711241127 0.5940626909284483
1.4722230698777978 -1.3198719448687473 -0.9696656008101754 -1.8407064729922826 3.05573762773947 -0.8499717742131604 0.7237524611773142 0.030286990509314528 -1.5809255626780536 -0.3137175854942875 -0.17540382661002873 -0.008176759821064215 -3.0574581321138483 0.4037870075548985 0.37451773930750065 1.8902458107977587 -2.9796048669921165 -2.8499728767741703
2.591148459592059 -1.1354751172330182 -1.05241199185528 -1.3939890824326364 1.884175713924196 -1.5033096792764034 -0.4112914352805091 -0.26466337702850784 3.3422353656362715 -2.392794194497354 0.5944344999794683 -2.4071449700675145 -0.07628210028674864 -1.3232856218005717 -0.25877096046289205 -2.101667941919075 2.465474513042226 2.5034502222013777
2.276577392040825 0.6093381745347215 3.2078303688913428 -2.1399069309171215 2.182899415827757 0.5844842329525748 -0.6350503844592945 -0.24112964624315697 3.3543649682343064 -2.255064512373238 1.5873460132440713 2.1811472730406796 -1.0270575533284523 0.2939842039177796 1.0776757841321398 -2.258625422773713 2.184971169427032 2.185565054200098
-0.785420245927487 -1.0227649844247457 -0.8099512394009828 -1.6400711355904656 1.1541707342586098 -0.0256561455277675 0.45022731310204267 0.2796149540448106 -0.2872709140220087 1.4455110833357736 -2.0143749474413157 -1.5439240516345163 2.0972990869266566 -0.346209983211644 0.3725121579176624 -1.3672469009590986 0.32684544234316826 2.6576117761156945
0.11167193501632888 -0.0999562464788153 0.9239271597739782 0.022725402655659886 -0.673402296841828 3.0635300307912665 1.2532922693741375 -0.6656069790147381 3.0653805303272366 -1.0314088049472383 -3.049731577367856 -3.002701338982433 0.4249624290362878 0.07167115411832768 -0.1695167364422221 -0.9411077111680836 -2.9120561693805147 -3.0145366323712484
-0.10413392918640386 -0.41732503158032963 -1.466551421513725 -0.566024916420536 0.9747070962512281 2.882079107411985 0.946418341062162 0.8617407347062039 0.4304897900550374 0.4079238151728634 -2.0875207691607978 -1.6590899920074893 -1.5080432632265615 -0.09354810753403782 -1.4289053709263126 -1.692833315826609 0.6658940203979176 0.5871445111261104
0.22903619940691824 -0.7842791733307775 -1.4922829904678803 0.6281436834591712 2.2486285913933535 3.029644268151682 0.20365318693230183 -0.3913371031585637 -0.32543187952426206 0.4121792571672634 -2.9689161110283684 1.1688596065593033 0.25545997067984016 0.5483197643635148 0.17672423292949974 -0.41474400675229706 -0.4630099863654016 -2.958132993389228
-1.4705058574824068 -0.48626438348612655 3.6922029070643325 -0.17508639708406587 0.7954984402885552 1.488552938718924 1.4071716457407828 0.2206952521358287 -0.1488955389780356 1.4840765782991838 -1.3547173013095795 1.074352164457318 -1.7691899853779294 0.44062451257322405 -0.8455132243684375 -1.3550411368574977 -2.7268163290012892 -2.4548349664900373
1.562191699966798 -1.2442549303937784 0.06642460896288037 0.3412793706956965 2.92747139521439 3.084651328381046 1.5566953214507966 0.922428502691418 -0.30016319000455205 1.870174149777981 -2.007374521325533 0.2950706578178002 -0.6753982197040039 0.28535476561900247 -0.8120730348531918 0.07189226477792342 -1.2772382285144046 -2.9098571309061088
-0.3859218930936593 -1.8350249802352543 0.36047077235870784 -0.3710036479221483 0.9834206791054827 2.023153273475575 -0.0599034307376218 -0.9791313445204193 -0.060085661466354016 2.663315907999314 2.4103584807878615 2.6415078903982234 1.3688649678264693 -0.07883969071823647 -0.5740039906565848 0.3753025672712404 2.625793475319988 2.6438318339493567
1.6050909429820386 1.2179774890721728 1.7297115401125756 0.7365217274797661 -2.8888906952943763 -2.89270721691826 -0.33091644102047707 -2.3026463635666525 0.7528139569889791 -2.865227663339913 -0.654971673871156 2.8606613549820703 0.9456395941096578 0.4437706128522458 -0.07384811941021933 -0.7769713850513981 -2.8586068750210742 -2.886576584458691
-0.9002974210605051 -0.003418295769234414 -1.1410432681182687 -2.1394156732079628 0.7397220117837427 2.382266071639326 -0.03626334010548359 0.5870833352010034 0.8796865871181924 1.3955112265785545 -2.8764157542688644 2.751698652778035 -0.6139605307890368 -1.2482822595122907 1.1013825171605518 -3.0019127263370584 -1.8897769203915376 3.080347727756126
-0.745009059112715 -1.3321839637357658 0.5621374605439033 -0.3240652213754858 -2.3408638082058593 2.392094330512327 2.0758670701756383 1.0700346789192068 2.1537893620012234 -2.3359393062449794 1.4988510511548925 -1.1702617768848877 -1.8591689426982783 -1.1663805209444922 -0.16315789997613347 1.1037120250993624 -1.4040626063197692 2.2631523367531554
-0.8673485663284003 0.8001572243730338 -0.8867826074062835 -1.268530215541294 -2.9808890472193585 -2.5516986623143416 -0.002959816160640838 0.6472946868466831 -0.9114111684958786 -1.1137823981444788 -1.9355795654281376 3.093949613302839 -0.19524056570569578 0.09499317497615113 -1.045916403858733 0.5563231713608042 0.4318926897489195 -1.3941634401710976
-0.33441738682808103 0.13146140970668868 -0.9757406568728502 -2.541583871383124 -0.8335685308587928 -2.4348005359232934 0.5192091397047343 0.41223646113259516 -0.2504836175106122 2.1303409656385073 -3.013596081333709 -3.099147823245185 0.2825971676089134 -0.19567191026561723 -0.6467560744079732 0.4261325997799554 -0.7669230304810876 -1.623113294922331
1.0215219650299938 -0.5655419651512209 1.246508302151815 -2.9025044901598376 -2.991683824221645 -2.7164540580069563 -1.4315785990744934 0.5808248197699117 -1.3117452662088642 -0.8384884417281581 1.349062898450925 2.8167374812523005 0.13150739435787423 -0.9099242319850792 2.9571224867012167 -2.17175513426204 -2.9008737645035216 2.3086356363820197
2.8348324114378887 -1.1370529119932389 1.5536655761208291 2.728723513731913 -0.8921125523422879 2.7568456973590045 1.8839641960721123 -1.2267133339254745 -1.5918122638184524 -0.026678173145837397 3.0070661226895297 2.8443951734664594 0.23831568374268625 -1.2621583406854189 -0.5173001628025559 -1.0965994080338122 -2.5599600344003552 2.7527512011506174
0.189013557332218 0.11901431061661896 2.8796047668782694 -2.2458114984267787 2.442644629442903 1.098304874244254 -0.23998584025285374 -1.5847392429408782 1.1139434688212424 -1.8381483879955085 0.9836778911708945 -0.39847812853321984 2.6115845582453603 0.501218099690163 2.592005953930715 0.3789584356283098 1.8310426811818352 0.8398895305466857
-2.565242400191814 -0.7709236110126566 -1.5142257336017264 -0.2598107471395249 -3.0119828399399813 2.9906687282616846 0.5588938310672047 -1.7778576965427315 -1.2653521358914441 -1.5342364172775744 2.998049065848461 2.955782367785411 2.34516936502349 1.3020005807882675 0.9012040181506753 -2.417629886725431 -1.567388036596949 -2.4548247118106334