-0.546162 0.669401 -0.248195 -5.4534e-05 -0.653177 -1.02473 -0.0624112 0.625559 -0.299575 1.61607 -1.53673 0.64482 1.50254 0.914199 0.991113 3.5906e-05 -1.64772 -2.33449
-0.707347 0.539569 -0.62161 -3.59948e-05 -0.409543 -0.863375 -0.182205 0.733898 -0.0384058 1.69463 -1.44462 0.790501 0.0329152 0.611488 -0.213946 -3.53585e-06 -0.745262 -0.830093
-0.613534 0.598321 -0.463127 -4.40363e-05 -0.509441 -0.957109 -0.0685736 0.639733 -0.280801 1.62079 -1.53278 0.649385 1.53189 0.577768 0.250364 3.95701e-05 -1.24363 -2.2941
-0.50749 0.712557 -0.143861 8.67661e-05 -0.714309 -1.06324 -0.135664 0.708159 -0.0703245 1.66246 -1.47843 0.787865 1.48729 0.766782 0.0762019 -7.63707e-06 -0.880254 -2.24946
-0.555422 0.672384 -0.257265 4.40878e-05 -0.641109 -1.01536 -0.101464 0.688117 -0.128164 1.64058 -1.5053 0.752307 0.0329152 0.611488 -0.213946 -3.53585e-06 -0.745262 -0.830093
0.0999777 0.828835 0.104795 -2.16921e-05 -0.846839 -1.67059 -0.266478 0.674888 -0.202169 1.77306 -1.40512 0.676936 -0.0246374 0.374514 -0.283649 -7.34645e-05 -0.91261 -0.807285
0.124134 0.585898 -0.454474 -8.80205e-05 -0.530229 -1.69499 -0.158473 0.724543 -0.0447353 1.6774 -1.46139 0.795611 -0.0246374 0.374514 -0.283649 -7.34645e-05 -0.91261 -0.807285
0.172769 0.508441 -0.68357 5.18678e-05 -0.378687 -1.74355 0.0739424 0.721776 -0.0711159 1.51392 -1.62683 0.776097 1.50247 0.931115 0.745511 3.63299e-05 -1.38537 -2.26467
-0.757213 0.501634 -0.676355 7.16221e-06 -0.39287 -0.813604 -0.245337 0.707902 -0.097576 1.74517 -1.40561 0.750667 1.53486 0.727841 0.278975 -1.6287e-05 -1.12192 -2.36683
-0.500463 0.690077 -0.214064 -8.36574e-05 -0.666595 -1.0704 -0.10466 0.649633 -0.307499 1.6517 -1.51393 0.611274 0.0329152 0.611488 -0.213946 -3.53585e-06 -0.745262 -0.830093
-0.536615 0.658755 -0.308447 -4.5033e-05 -0.603593 -1.03417 0.00037866 0.685286 -0.135801 1.56629 -1.57493 0.749806 1.48729 0.766782 0.0762019 -7.63707e-06 -0.880254 -2.24946
-0.69369 0.52862 -0.627286 -9.32216e-08 -0.414843 -0.877161 0.00760913 0.645618 -0.233582 1.5605 -1.57916 0.691543 1.53189 0.577768 0.250364 3.95701e-05 -1.24363 -2.2941
-0.67407 0.560085 -0.565115 -3.50993e-05 -0.445553 -0.896836 0.0128109 0.712911 -0.0969265 1.55739 -1.5836 0.760871 1.53486 0.727841 0.278975 -1.6287e-05 -1.12192 -2.36683
0.0770213 0.624991 -0.339329 8.02568e-05 -0.606507 3.06449 -0.146399 0.6811 -0.128207 1.67292 -1.47388 0.756457 1.50254 0.914199 0.991113 3.5906e-05 -1.64772 -2.33449
-0.585534 0.617637 -0.375289 4.31404e-05 -0.577989 -0.985284 -0.204998 0.695452 -0.0687269 1.70964 -1.4275 0.796555 1.50254 0.914199 0.991113 3.5906e-05 -1.64772 -2.33449
0.117208 0.658246 -0.292102 -5.26577e-05 -0.620277 -1.68802 0.0908154 0.733398 -0.0375729 1.50326 -1.63996 0.797447 -0.0432779 0.494796 0.189498 -8.62359e-05 -1.2653 -0.78875
-0.880481 0.439455 -0.859451 -6.35257e-05 -0.27185 -0.690283 0.0934433 0.716105 -0.0887326 1.49919 -1.63943 0.763529 0.0329152 0.611488 -0.213946 -3.53585e-06 -0.745262 -0.830093
-0.640274 0.590138 -0.484612 6.8959e-05 -0.496046 -0.930497 -0.158384 0.666372 -0.196906 1.68713 -1.47175 0.701783 0.0571573 0.520255 0.0155974 -2.24736e-05 -1.06628 -0.819353
-0.633917 0.574491 -0.483766 -3.51314e-05 -0.512509 -0.936949 -0.0282377 0.603428 -0.378194 1.58955 -1.55836 0.588991 1.53962 0.992706 0.544238 4.97057e-05 -1.1223 -2.33691
0.0931563 0.828523 0.130684 4.22191e-05 -0.872911 -1.66395 -0.047909 0.606859 -0.277356 1.60339 -1.54402 0.686153 1.53486 0.727841 0.278975 -1.6287e-05 -1.12192 -2.36683
-0.457307 0.834007 0.117355 6.89396e-05 -0.854051 -1.11344 0.0253596 0.709839 -0.106565 1.54806 -1.59198 0.754101 0.0571573 0.520255 0.0155974 -2.24736e-05 -1.06628 -0.819353
-0.511863 0.698495 -0.209622 -5.72849e-06 -0.662685 -1.05877 0.061919 0.714423 -0.072012 1.52287 -1.61849 0.783252 1.53962 0.992706 0.544238 4.97057e-05 -1.1223 -2.33691
-0.769835 0.498918 -0.740699 -6.53728e-05 -0.331299 -0.800825 -0.0643995 0.609201 -0.357072 1.61906 -1.53736 0.603565 1.50247 0.931115 0.745511 3.63299e-05 -1.38537 -2.26467
-0.462197 0.7886 0.0091208 8.58737e-05 -0.791125 -1.10863 -0.149709 0.695552 -0.0865685 1.6726 -1.46881 0.783483 -0.0246374 0.374514 -0.283649 -7.34645e-05 -0.91261 -0.807285
-0.448831 0.779629 -0.012665 -7.67469e-05 -0.778665 -1.12182 -0.159785 0.686109 -0.136004 1.68402 -1.46624 0.74252 1.53747 0.752674 0.662193 5.91662e-05 -1.48026 -2.33453
0.132398 0.616637 -0.377739 6.97732e-06 -0.576474 -1.70312 -0.177277 0.638107 -0.321569 1.71172 -1.47259 0.604133 1.53747 0.752674 0.662193 5.91662e-05 -1.48026 -2.33453
-0.663571 0.567072 -0.546231 -5.5132e-05 -0.457509 -0.907312 -0.202762 0.645972 -0.295091 1.73073 -1.45513 0.620356 0.0571573 0.520255 0.0155974 -2.24736e-05 -1.06628 -0.819353
-0.591908 0.617424 -0.413621 -7.50472e-05 -0.539821 -0.978952 2.73186 -0.649122 -2.23965 1.97454 1.56299 -3.12327 0.0329152 0.611488 -0.213946 -3.53585e-06 -0.745262 -0.830093
0.0916419 0.854067 0.164999 -1.21581e-05 -0.881567 -1.66259 0.00694559 0.693224 -0.157526 1.56133 -1.57908 0.719895 1.50247 0.931115 0.745511 3.63299e-05 -1.38537 -2.26467
3.06632 -0.845089 2.98493 5.26104e-05 0.882372 1.64604 0.0192538 0.706357 -0.116929 1.55244 -1.58775 0.747315 1.53962 0.992706 0.544238 4.97057e-05 -1.1223 -2.33691
0.203373 0.451398 -0.821669 -1.46954e-05 -0.297651 -1.77434 -0.151199 0.886999 0.0141809 1.68244 -1.47748 0.692704 -0.0432779 0.494796 0.189498 -8.62359e-05 -1.2653 -0.78875
0.169895 0.476693 -0.718417 1.63454e-05 -0.375737 -1.74061 -0.0793668 0.724972 -0.0618482 1.62302 -1.51873 0.782598 1.48729 0.766782 0.0762019 -7.63707e-06 -0.880254 -2.24946
-0.473231 0.725691 -0.112518 -5.85327e-05 -0.732564 -1.09745 0.0838284 0.695826 -0.150908 1.50348 -1.63004 0.722101 1.50247 0.931115 0.745511 3.63299e-05 -1.38537 -2.26467
0.102467 0.698947 -0.17682 -4.66375e-05 -0.695122 -1.67332 0.00682456 0.68924 -0.146668 1.56142 -1.57912 0.734989 1.53189 0.577768 0.250364 3.95701e-05 -1.24363 -2.2941
-0.568671 0.617098 -0.414125 -8.35546e-05 -0.539566 -1.00198 -0.276173 0.610011 -0.336116 1.79195 -1.4139 0.607011 1.50247 0.931115 0.745511 3.63299e-05 -1.38537 -2.26467
-0.605213 0.577672 -0.475504 -9.47225e-05 -0.517521 -0.965549 -0.149859 0.663228 -0.260207 1.68608 -1.48401 0.642177 1.48729 0.766782 0.0762019 -7.63707e-06 -0.880254 -2.24946
-0.624643 0.582063 -0.4643 1.56718e-05 -0.524301 -0.946197 -0.14729 0.671713 -0.231225 1.68232 -1.48317 0.663024 1.48729 0.766782 0.0762019 -7.63707e-06 -0.880254 -2.24946
0.173871 0.459586 -0.796943 -3.89272e-05 -0.314342 -1.74475 -0.0822464 0.640268 -0.279303 1.63168 -1.52436 0.649759 1.48729 0.766782 0.0762019 -7.63707e-06 -0.880254 -2.24946
-0.695939 0.538515 -0.600312 8.4823e-06 -0.431855 -0.874905 0.0762131 0.646225 -0.259066 1.50622 -1.62132 0.663786 -0.0246374 0.374514 -0.283649 -7.34645e-05 -0.91261 -0.807285
-0.791573 0.462106 -0.789042 6.64799e-06 -0.3196 -0.77923 -0.225363 0.644078 -0.246136 1.74265 -1.43312 0.66862 0.0571573 0.520255 0.0155974 -2.24736e-05 -1.06628 -0.819353
0.108964 0.700306 -0.17319 8.41291e-05 -0.697233 -1.67965 -3.07602 -0.688486 -2.96811 -1.62483 -1.61714 0.707515 1.53189 0.577768 0.250364 3.95701e-05 -1.24363 -2.2941
-0.464786 0.801639 0.0540103 -6.76769e-05 -0.823134 -1.106 -0.091806 0.71885 -0.0590827 1.63114 -1.50953 0.790896 1.50247 0.931115 0.745511 3.63299e-05 -1.38537 -2.26467
-0.469921 0.786639 0.0319903 -4.22313e-05 -0.816241 -1.10076 0.012921 0.688492 -0.104185 1.55755 -1.58383 0.778005 -0.0432779 0.494796 0.189498 -8.62359e-05 -1.2653 -0.78875
-0.494861 0.74219 -0.0731929 -9.88492e-05 -0.755414 -1.07585 0.0148746 0.646917 -0.284249 1.55427 -1.58304 0.639354 1.53962 0.992706 0.544238 4.97057e-05 -1.1223 -2.33691
0.109105 0.75416 -0.0737136 -8.45061e-05 -0.742707 -1.67977 -0.0700359 0.690538 -0.143355 1.61847 -1.5276 0.735948 1.50247 0.931115 0.745511 3.63299e-05 -1.38537 -2.26467
-0.502403 0.700625 -0.172687 -7.19252e-05 -0.697423 -1.06831 -0.0392507 0.655387 -0.203353 1.59622 -1.54884 0.711755 -0.0432779 0.494796 0.189498 -8.62359e-05 -1.2653 -0.78875
-0.4836 0.771784 -0.0312793 7.4229e-05 -0.767679 -1.08734 0.0863656 0.629721 -0.31625 1.49601 -1.62453 0.622709 0.0571573 0.520255 0.0155974 -2.24736e-05 -1.06628 -0.819353
-0.726656 0.523344 -0.616989 -2.98987e-05 -0.430362 -0.844019 -0.198455 0.687144 -0.134929 1.7128 -1.44002 0.739338 1.53486 0.727841 0.278975 -1.6287e-05 -1.12192 -2.36683
-0.470099 0.785103 0.000518012 9.64554e-05 -0.786296 -1.10061 -0.206965 0.688219 -0.0888842 1.71288 -1.42785 0.783485 -0.0246374 0.374514 -0.283649 -7.34645e-05 -0.91261 -0.807285
3.07145 -0.843005 3.00311 -9.23881e-05 0.866395 1.64092 -0.00594238 0.641537 -0.273901 1.57106 -1.5707 0.655338 1.53747 0.752674 0.662193 5.91662e-05 -1.48026 -2.33453
0.179689 0.469609 -0.710583 -9.04334e-05 -0.390452 -1.75043 0.0122833 0.713112 -0.0542146 1.55829 -1.58374 0.803202 1.50247 0.931115 0.745511 3.63299e-05 -1.38537 -2.26467
-0.579129 0.607872 -0.418557 4.51688e-05 -0.544511 -0.991531 2.71279 -0.680426 -2.32144 1.99293 1.54194 -3.07757 1.50247 0.931115 0.745511 3.63299e-05 -1.38537 -2.26467
-0.628695 0.566123 -0.526616 -2.84333e-05 -0.478096 -0.942231 -0.232942 0.643708 -0.305441 1.75646 -1.43924 0.609198 1.50254 0.914199 0.991113 3.5906e-05 -1.64772 -2.33449
0.101514 0.813295 0.0677231 2.31368e-05 -0.82542 -1.67238 0.0810362 0.658507 -0.219149 1.50404 -1.62624 0.691223 1.53189 0.577768 0.250364 3.95701e-05 -1.24363 -2.2941
-0.439992 0.837905 0.152833 -9.64626e-05 -0.885635 -1.13067 0.0646358 0.593358 -0.292882 1.5162 -1.61541 0.683178 1.53486 0.727841 0.278975 -1.6287e-05 -1.12192 -2.36683
0.117612 0.688399 -0.202063 -6.99423e-05 -0.680385 -1.68837 -0.0977664 0.702715 -0.0449667 1.63335 -1.50342 0.820997 -0.0246374 0.374514 -0.283649 -7.34645e-05 -0.91261 -0.807285
-0.71035 0.513826 -0.668575 -1.99288e-05 -0.388429 -0.860428 -0.0469615 0.647913 -0.253199 1.60307 -1.54521 0.669334 1.50247 0.931115 0.745511 3.63299e-05 -1.38537 -2.26467
-0.506164 0.697196 -0.212945 9.93335e-05 -0.660638 -1.06452 2.77711 -0.724473 -2.4805 1.92389 1.50611 -2.96797 1.48729 0.766782 0.0762019 -7.63707e-06 -0.880254 -2.24946
0.130847 0.604942 -0.445576 -8.57365e-05 -0.520278 -1.7016 -0.2278 0.734868 0.0014597 1.72073 -1.40632 0.824998 -0.0432779 0.494796 0.189498 -8.62359e-05 -1.2653 -0.78875
-0.680948 0.522619 -0.619328 -4.22627e-05 -0.428954 -0.889781 -0.251754 0.691982 -0.146849 1.75539 -1.40725 0.716983 0.0571573 0.520255 0.0155974 -2.24736e-05 -1.06628 -0.819353
-0.440031 0.847154 0.14849 -4.74853e-05 -0.872125 -1.13069 -0.14525 0.601789 -0.354472 1.68506 -1.49044 0.609908 1.50254 0.914199 0.991113 3.5906e-05 -1.64772 -2.33449
0.17193 0.462507 -0.788123 -4.275e-05 -0.320212 -1.74272 0.0977576 0.657754 -0.277614 1.4875 -1.63201 0.632699 1.48729 0.766782 0.0762019 -7.63707e-06 -0.880254 -2.24946
-0.50749 0.712557 -0.143861 8.67661e-05 -0.714309 -1.06324 -3.09813 -0.647661 -2.82871 -1.61097 -1.59888 0.609516 1.53189 0.577768 0.250364 3.95701e-05 -1.24363 -2.2941
-0.58157 0.634495 -0.369742 -2.34484e-05 -0.566573 -0.989278 -0.0790199 0.618515 -0.356921 1.63135 -1.52985 0.59407 1.48729 0.766782 0.0762019 -7.63707e-06 -0.880254 -2.24946
-0.593765 0.60315 -0.392897 -7.4398e-05 -0.574868 -0.976942 -0.141375 0.681232 -0.150543 1.67143 -1.47961 0.734473 1.53962 0.992706 0.544238 4.97057e-05 -1.1223 -2.33691
0.109595 0.667096 -0.287461 -6.64686e-05 -0.616078 -1.68035 0.0891877 0.702525 -0.129978 1.50041 -1.63461 0.736059 1.53747 0.752674 0.662193 5.91662e-05 -1.48026 -2.33453
0.101514 0.813295 0.0677231 2.31368e-05 -0.82542 -1.67238 -0.0445424 0.686281 -0.155594 1.59972 -1.54489 0.728446 1.48729 0.766782 0.0762019 -7.63707e-06 -0.880254 -2.24946
0.100452 0.818744 0.0944744 -7.90179e-05 -0.846538 -1.67115 -0.142263 0.665569 -0.252029 1.67945 -1.48797 0.648685 1.53486 0.727841 0.278975 -1.6287e-05 -1.12192 -2.36683
-0.459501 0.754993 -0.0574693 5.99807e-05 -0.758477 -1.11135 -0.01299 0.633086 -0.302987 1.57664 -1.56639 0.634716 1.53486 0.727841 0.278975 -1.6287e-05 -1.12192 -2.36683
-0.451769 0.797234 0.0297448 6.59875e-05 -0.803299 -1.11895 -0.06341 0.686221 -0.133015 1.61289 -1.53154 0.750595 -0.0246374 0.374514 -0.283649 -7.34645e-05 -0.91261 -0.807285
-0.88616 0.45572 -0.843842 8.39405e-05 -0.271302 -0.684471 0.0673648 0.615895 -0.366473 1.50991 -1.61136 0.587099 0.0571573 0.520255 0.0155974 -2.24736e-05 -1.06628 -0.819353
-0.769724 0.475972 -0.748384 -1.26043e-05 -0.346463 -0.801129 -0.0553591 0.689981 -0.059359 1.60454 -1.53457 0.820737 -0.0432779 0.494796 0.189498 -8.62359e-05 -1.2653 -0.78875
-0.475266 0.786615 0.00403389 -3.57563e-06 -0.788281 -1.09541 -0.0426272 0.727181 -0.055082 1.59678 -1.54463 0.788291 1.53962 0.992706 0.544238 4.97057e-05 -1.1223 -2.33691
-0.498384 0.737295 -0.114608 4.93031e-05 -0.718677 -1.07242 0.0130144 0.688757 -0.125507 1.55705 -1.58376 0.756508 0.0571573 0.520255 0.0155974 -2.24736e-05 -1.06628 -0.819353
-0.562015 0.648452 -0.316398 2.47864e-05 -0.605811 -1.00874 -0.19484 0.711171 -0.107011 1.70964 -1.44193 0.743534 1.53747 0.752674 0.662193 5.91662e-05 -1.48026 -2.33453
1.5125 0.808396 0.66485 3.1415 1.42716 0.00595022 -0.0692893 0.697037 -0.123161 1.6174 -1.5274 0.749384 1.50254 0.914199 0.991113 3.5906e-05 -1.64772 -2.33449
-0.430371 0.85672 0.170893 1.35494e-05 -0.885031 -1.14028 -0.113667 0.633762 -0.334287 1.65978 -1.50962 0.599904 -0.0246374 0.374514 -0.283649 -7.34645e-05 -0.91261 -0.807285
-0.805227 0.492949 -0.728366 8.71629e-05 -0.349396 -0.765566 0.0801084 0.657141 -0.198491 1.50597 -1.6271 0.713176 1.50247 0.931115 0.745511 3.63299e-05 -1.38537 -2.26467
-0.879109 0.454028 -0.849003 7.94192e-05 -0.267633 -0.69171 0.0122833 0.713112 -0.0542146 1.55829 -1.58374 0.803202 1.53486 0.727841 0.278975 -1.6287e-05 -1.12192 -2.36683
-0.593592 0.624672 -0.35779 -5.36632e-05 -0.588362 -0.977106 -0.197021 0.704697 -0.126875 1.71296 -1.44242 0.730048 -0.0432779 0.494796 0.189498 -8.62359e-05 -1.2653 -0.78875
-0.805674 0.483859 -0.755747 8.25979e-05 -0.331279 -0.765096 0.00114082 0.616362 -0.330711 1.56517 -1.57474 0.623604 -0.0246374 0.374514 -0.283649 -7.34645e-05 -0.91261 -0.807285
-0.777244 0.509376 -0.708954 -9.9435e-05 -0.352502 -0.793444 2.75003 -0.682701 -2.32784 1.95579 1.54272 -3.07273 0.0329152 0.611488 -0.213946 -3.53585e-06 -0.745262 -0.830093
0.103273 0.792968 0.0335656 7.05358e-06 -0.811292 -1.67409 -0.236793 0.731698 -0.027536 1.73143 -1.4039 0.79805 1.50254 0.914199 0.991113 3.5906e-05 -1.64772 -2.33449
-0.879109 0.454028 -0.849003 7.94192e-05 -0.267633 -0.69171 -0.224982 0.614968 -0.345414 1.75132 -1.44576 0.599008 -0.0246374 0.374514 -0.283649 -7.34645e-05 -0.91261 -0.807285
-0.602696 0.593706 -0.454515 -8.9362e-05 -0.522341 -0.968041 0.0986404 0.709624 -0.0654866 1.49755 -1.64536 0.792851 1.48729 0.766782 0.0762019 -7.63707e-06 -0.880254 -2.24946
-0.448891 0.774493 -0.0105785 -6.13382e-05 -0.785708 -1.12182 -0.0314016 0.696014 -0.126151 1.58958 -1.55328 0.748492 1.53962 0.992706 0.544238 4.97057e-05 -1.1223 -2.33691
-0.525735 0.701452 -0.186327 -1.91586e-05 -0.683079 -1.04504 3.27153 -0.662747 4.02644 1.43525 1.57392 3.16449 0.0329152 0.611488 -0.213946 -3.53585e-06 -0.745262 -0.830093
-0.473231 0.725691 -0.112518 -5.85327e-05 -0.732564 -1.09745 -0.0541178 0.658346 -0.274169 1.60965 -1.5419 0.637731 0.0329152 0.611488 -0.213946 -3.53585e-06 -0.745262 -0.830093
0.156976 0.490274 -0.707967 -7.92074e-05 -0.372585 -1.72778 0.085845 0.63245 -0.306559 1.49693 -1.62471 0.629653 1.50254 0.914199 0.991113 3.5906e-05 -1.64772 -2.33449
0.161902 0.518682 -0.681631 2.1583e-05 -0.37047 -1.73269 -0.19392 0.712628 -0.0203776 1.69756 -1.43118 0.828903 1.50254 0.914199 0.991113 3.5906e-05 -1.64772 -2.33449
-0.502353 0.711826 -0.176967 -7.23591e-05 -0.682143 -1.06841 2.76375 -0.704394 -2.44327 1.93813 1.51 -2.98492 -0.0432779 0.494796 0.189498 -8.62359e-05 -1.2653 -0.78875
-0.539111 0.652229 -0.290246 -2.02309e-05 -0.628427 -1.03157 0.0406835 0.660015 -0.213568 1.53517 -1.60055 0.696605 1.53747 0.752674 0.662193 5.91662e-05 -1.48026 -2.33453
0.132398 0.616637 -0.377739 6.97732e-06 -0.576474 -1.70312 -0.205162 0.640786 -0.314128 1.73435 -1.45594 0.6064 1.53747 0.752674 0.662193 5.91662e-05 -1.48026 -2.33453
-0.611742 0.593114 -0.476528 7.25775e-05 -0.501008 -0.959019 2.86817 -0.669276 -2.28048 1.83828 1.5602 -3.10262 0.0571573 0.520255 0.0155974 -2.24736e-05 -1.06628 -0.819353
-0.470157 0.780014 0.00270491 -1.02608e-05 -0.793265 -1.10076 -0.0125272 0.660617 -0.163515 1.57576 -1.56627 0.746605 1.48729 0.766782 0.0762019 -7.63707e-06 -0.880254 -2.24946
-0.830416 0.46186 -0.82331 -6.17768e-05 -0.28543 -0.740249 -0.244035 0.701307 -0.14057 1.75005 -1.41295 0.714635 1.53962 0.992706 0.544238 4.97057e-05 -1.1223 -2.33691
-0.566983 0.619806 -0.388301 -3.85027e-05 -0.562673 -1.00381 3.13559 -0.719595 -2.43814 1.57108 1.57066 -2.99389 -0.0246374 0.374514 -0.283649 -7.34645e-05 -0.91261 -0.807285
-0.462154 0.755271 -0.0711199 -1.37193e-05 -0.744375 -1.10868 -0.214486 0.717733 -0.0463583 1.71631 -1.42066 0.795773 1.48729 0.766782 0.0762019 -7.63707e-06 -0.880254 -2.24946
-0.742838 0.493539 -0.69853 8.97546e-05 -0.378596 -0.827949 0.049178 0.65854 -0.273544 1.52684 -1.60338 0.637855 1.50247 0.931115 0.745511 3.63299e-05 -1.38537 -2.26467
-0.475487 0.755031 -0.014391 -2.06419e-05 -0.801331 -1.09528 0.0946059 0.624729 -0.334302 1.48842 -1.62836 0.609276 -0.0246374 0.374514 -0.283649 -7.34645e-05 -0.91261 -0.807285
