-9.49644e-05 -0.789973 -1.0 -1.57077 6.5016e-06 -8.05974e-05 1.74341e-05 -0.789978 -1.0 -1.5707 3.70831e-05 9.24692e-05 -9.84198e-05 -0.899905 -1.10009 -1.57073 1.11472e-05 9.12574e-05
-9.49644e-05 -0.789973 -1.0 -1.57077 6.5016e-06 -8.05974e-05 1.74341e-05 -0.789978 -1.0 -1.5707 3.70831e-05 9.24692e-05 -9.55855e-05 -0.900061 -1.10002 -1.5708 7.80321e-05 -6.51385e-05
-9.49644e-05 -0.789973 -1.0 -1.57077 6.5016e-06 -8.05974e-05 1.74341e-05 -0.789978 -1.0 -1.5707 3.70831e-05 9.24692e-05 -9.55855e-05 -0.900061 -1.10002 -1.5708 7.80321e-05 -6.51385e-05
-9.49644e-05 -0.789973 -1.0 -1.57077 6.5016e-06 -8.05974e-05 1.74341e-05 -0.789978 -1.0 -1.5707 3.70831e-05 9.24692e-05 -9.84198e-05 -0.899905 -1.10009 -1.57073 1.11472e-05 9.12574e-05
-9.49644e-05 -0.789973 -1.0 -1.57077 6.5016e-06 -8.05974e-05 1.74341e-05 -0.789978 -1.0 -1.5707 3.70831e-05 9.24692e-05 -9.55855e-05 -0.900061 -1.10002 -1.5708 7.80321e-05 -6.51385e-05
-9.49644e-05 -0.789973 -1.0 -1.57077 6.5016e-06 -8.05974e-05 1.74341e-05 -0.789978 -1.0 -1.5707 3.70831e-05 9.24692e-05 -9.84198e-05 -0.899905 -1.10009 -1.57073 1.11472e-05 9.12574e-05
-9.49644e-05 -0.789973 -1.0 -1.57077 6.5016e-06 -8.05974e-05 1.74341e-05 -0.789978 -1.0 -1.5707 3.70831e-05 9.24692e-05 -9.84198e-05 -0.899905 -1.10009 -1.57073 1.11472e-05 9.12574e-05
-9.49644e-05 -0.789973 -1.0 -1.57077 6.5016e-06 -8.05974e-05 1.74341e-05 -0.789978 -1.0 -1.5707 3.70831e-05 9.24692e-05 -9.55855e-05 -0.900061 -1.10002 -1.5708 7.80321e-05 -6.51385e-05
-9.49644e-05 -0.789973 -1.0 -1.57077 6.5016e-06 -8.05974e-05 1.74341e-05 -0.789978 -1.0 -1.5707 3.70831e-05 9.24692e-05 -9.55855e-05 -0.900061 -1.10002 -1.5708 7.80321e-05 -6.51385e-05
-9.49644e-05 -0.789973 -1.0 -1.57077 6.5016e-06 -8.05974e-05 1.74341e-05 -0.789978 -1.0 -1.5707 3.70831e-05 9.24692e-05 -9.84198e-05 -0.899905 -1.10009 -1.57073 1.11472e-05 9.12574e-05
-9.49644e-05 -0.789973 -1.0 -1.57077 6.5016e-06 -8.05974e-05 1.74341e-05 -0.789978 -1.0 -1.5707 3.70831e-05 9.24692e-05 -9.55855e-05 -0.900061 -1.10002 -1.5708 7.80321e-05 -6.51385e-05
-9.49644e-05 -0.789973 -1.0 -1.57077 6.5016e-06 -8.05974e-05 1.74341e-05 -0.789978 -1.0 -1.5707 3.70831e-05 9.24692e-05 -9.55855e-05 -0.900061 -1.10002 -1.5708 7.80321e-05 -6.51385e-05
-9.49644e-05 -0.789973 -1.0 -1.57077 6.5016e-06 -8.05974e-05 1.74341e-05 -0.789978 -1.0 -1.5707 3.70831e-05 9.24692e-05 -9.55855e-05 -0.900061 -1.10002 -1.5708 7.80321e-05 -6.51385e-05
-9.49644e-05 -0.789973 -1.0 -1.57077 6.5016e-06 -8.05974e-05 1.74341e-05 -0.789978 -1.0 -1.5707 3.70831e-05 9.24692e-05 -9.55855e-05 -0.900061 -1.10002 -1.5708 7.80321e-05 -6.51385e-05
-9.49644e-05 -0.789973 -1.0 -1.57077 6.5016e-06 -8.05974e-05 1.74341e-05 -0.789978 -1.0 -1.5707 3.70831e-05 9.24692e-05 -9.55855e-05 -0.900061 -1.10002 -1.5708 7.80321e-05 -6.51385e-05
-9.49644e-05 -0.789973 -1.0 -1.57077 6.5016e-06 -8.05974e-05 1.74341e-05 -0.789978 -1.0 -1.5707 3.70831e-05 9.24692e-05 -9.84198e-05 -0.899905 -1.10009 -1.57073 1.11472e-05 9.12574e-05
-9.49644e-05 -0.789973 -1.0 -1.57077 6.5016e-06 -8.05974e-05 1.74341e-05 -0.789978 -1.0 -1.5707 3.70831e-05 9.24692e-05 -9.55855e-05 -0.900061 -1.10002 -1.5708 7.80321e-05 -6.51385e-05
4.14954e-05 -0.790034 -0.999918 -1.57074 6.77099e-05 7.04516e-05 1.74341e-05 -0.789978 -1.0 -1.5707 3.70831e-05 9.24692e-05 -9.55855e-05 -0.900061 -1.10002 -1.5708 7.80321e-05 -6.51385e-05
-9.49644e-05 -0.789973 -1.0 -1.57077 6.5016e-06 -8.05974e-05 1.74341e-05 -0.789978 -1.0 -1.5707 3.70831e-05 9.24692e-05 -9.55855e-05 -0.900061 -1.10002 -1.5708 7.80321e-05 -6.51385e-05
-9.49644e-05 -0.789973 -1.0 -1.57077 6.5016e-06 -8.05974e-05 1.74341e-05 -0.789978 -1.0 -1.5707 3.70831e-05 9.24692e-05 -9.84198e-05 -0.899905 -1.10009 -1.57073 1.11472e-05 9.12574e-05
-9.49644e-05 -0.789973 -1.0 -1.57077 6.5016e-06 -8.05974e-05 1.74341e-05 -0.789978 -1.0 -1.5707 3.70831e-05 9.24692e-05 -9.84198e-05 -0.899905 -1.10009 -1.57073 1.11472e-05 9.12574e-05
-9.49644e-05 -0.789973 -1.0 -1.57077 6.5016e-06 -8.05974e-05 1.74341e-05 -0.789978 -1.0 -1.5707 3.70831e-05 9.24692e-05 -9.55855e-05 -0.900061 -1.10002 -1.5708 7.80321e-05 -6.51385e-05
-9.49644e-05 -0.789973 -1.0 -1.57077 6.5016e-06 -8.05974e-05 1.74341e-05 -0.789978 -1.0 -1.5707 3.70831e-05 9.24692e-05 -9.84198e-05 -0.899905 -1.10009 -1.57073 1.11472e-05 9.12574e-05
-9.49644e-05 -0.789973 -1.0 -1.57077 6.5016e-06 -8.05974e-05 1.74341e-05 -0.789978 -1.0 -1.5707 3.70831e-05 9.24692e-05 -9.55855e-05 -0.900061 -1.10002 -1.5708 7.80321e-05 -6.51385e-05
-9.49644e-05 -0.789973 -1.0 -1.57077 6.5016e-06 -8.05974e-05 1.74341e-05 -0.789978 -1.0 -1.5707 3.70831e-05 9.24692e-05 -9.84198e-05 -0.899905 -1.10009 -1.57073 1.11472e-05 9.12574e-05
-9.49644e-05 -0.789973 -1.0 -1.57077 6.5016e-06 -8.05974e-05 1.74341e-05 -0.789978 -1.0 -1.5707 3.70831e-05 9.24692e-05 -9.84198e-05 -0.899905 -1.10009 -1.57073 1.11472e-05 9.12574e-05
-9.49644e-05 -0.789973 -1.0 -1.57077 6.5016e-06 -8.05974e-05 1.74341e-05 -0.789978 -1.0 -1.5707 3.70831e-05 9.24692e-05 -9.84198e-05 -0.899905 -1.10009 -1.57073 1.11472e-05 9.12574e-05
-9.49644e-05 -0.789973 -1.0 -1.57077 6.5016e-06 -8.05974e-05 1.74341e-05 -0.789978 -1.0 -1.5707 3.70831e-05 9.24692e-05 -9.55855e-05 -0.900061 -1.10002 -1.5708 7.80321e-05 -6.51385e-05
-9.49644e-05 -0.789973 -1.0 -1.57077 6.5016e-06 -8.05974e-05 1.74341e-05 -0.789978 -1.0 -1.5707 3.70831e-05 9.24692e-05 -9.55855e-05 -0.900061 -1.10002 -1.5708 7.80321e-05 -6.51385e-05
-9.49644e-05 -0.789973 -1.0 -1.57077 6.5016e-06 -8.05974e-05 1.74341e-05 -0.789978 -1.0 -1.5707 3.70831e-05 9.24692e-05 -9.84198e-05 -0.899905 -1.10009 -1.57073 1.11472e-05 9.12574e-05
-9.49644e-05 -0.789973 -1.0 -1.57077 6.5016e-06 -8.05974e-05 1.74341e-05 -0.789978 -1.0 -1.5707 3.70831e-05 9.24692e-05 -9.55855e-05 -0.900061 -1.10002 -1.5708 7.80321e-05 -6.51385e-05
-9.49644e-05 -0.789973 -1.0 -1.57077 6.5016e-06 -8.05974e-05 1.74341e-05 -0.789978 -1.0 -1.5707 3.70831e-05 9.24692e-05 -9.55855e-05 -0.900061 -1.10002 -1.5708 7.80321e-05 -6.51385e-05
-9.49644e-05 -0.789973 -1.0 -1.57077 6.5016e-06 -8.05974e-05 1.74341e-05 -0.789978 -1.0 -1.5707 3.70831e-05 9.24692e-05 -9.55855e-05 -0.900061 -1.10002 -1.5708 7.80321e-05 -6.51385e-05
-9.49644e-05 -0.789973 -1.0 -1.57077 6.5016e-06 -8.05974e-05 1.74341e-05 -0.789978 -1.0 -1.5707 3.70831e-05 9.24692e-05 -9.55855e-05 -0.900061 -1.10002 -1.5708 7.80321e-05 -6.51385e-05
-9.49644e-05 -0.789973 -1.0 -1.57077 6.5016e-06 -8.05974e-05 1.74341e-05 -0.789978 -1.0 -1.5707 3.70831e-05 9.24692e-05 -9.84198e-05 -0.899905 -1.10009 -1.57073 1.11472e-05 9.12574e-05
-9.49644e-05 -0.789973 -1.0 -1.57077 6.5016e-06 -8.05974e-05 1.74341e-05 -0.789978 -1.0 -1.5707 3.70831e-05 9.24692e-05 -9.55855e-05 -0.900061 -1.10002 -1.5708 7.80321e-05 -6.51385e-05
-9.49644e-05 -0.789973 -1.0 -1.57077 6.5016e-06 -8.05974e-05 1.74341e-05 -0.789978 -1.0 -1.5707 3.70831e-05 9.24692e-05 -9.55855e-05 -0.900061 -1.10002 -1.5708 7.80321e-05 -6.51385e-05
-9.49644e-05 -0.789973 -1.0 -1.57077 6.5016e-06 -8.05974e-05 1.74341e-05 -0.789978 -1.0 -1.5707 3.70831e-05 9.24692e-05 -9.55855e-05 -0.900061 -1.10002 -1.5708 7.80321e-05 -6.51385e-05
-9.49644e-05 -0.789973 -1.0 -1.57077 6.5016e-06 -8.05974e-05 1.74341e-05 -0.789978 -1.0 -1.5707 3.70831e-05 9.24692e-05 -9.55855e-05 -0.900061 -1.10002 -1.5708 7.80321e-05 -6.51385e-05
-9.49644e-05 -0.789973 -1.0 -1.57077 6.5016e-06 -8.05974e-05 1.74341e-05 -0.789978 -1.0 -1.5707 3.70831e-05 9.24692e-05 -9.55855e-05 -0.900061 -1.10002 -1.5708 7.80321e-05 -6.51385e-05
-9.49644e-05 -0.789973 -1.0 -1.57077 6.5016e-06 -8.05974e-05 1.74341e-05 -0.789978 -1.0 -1.5707 3.70831e-05 9.24692e-05 -9.55855e-05 -0.900061 -1.10002 -1.5708 7.80321e-05 -6.51385e-05
-9.49644e-05 -0.789973 -1.0 -1.57077 6.5016e-06 -8.05974e-05 1.74341e-05 -0.789978 -1.0 -1.5707 3.70831e-05 9.24692e-05 -9.84198e-05 -0.899905 -1.10009 -1.57073 1.11472e-05 9.12574e-05
-9.49644e-05 -0.789973 -1.0 -1.57077 6.5016e-06 -8.05974e-05 1.74341e-05 -0.789978 -1.0 -1.5707 3.70831e-05 9.24692e-05 -9.55855e-05 -0.900061 -1.10002 -1.5708 7.80321e-05 -6.51385e-05
-9.49644e-05 -0.789973 -1.0 -1.57077 6.5016e-06 -8.05974e-05 1.74341e-05 -0.789978 -1.0 -1.5707 3.70831e-05 9.24692e-05 -9.55855e-05 -0.900061 -1.10002 -1.5708 7.80321e-05 -6.51385e-05
-9.49644e-05 -0.789973 -1.0 -1.57077 6.5016e-06 -8.05974e-05 1.74341e-05 -0.789978 -1.0 -1.5707 3.70831e-05 9.24692e-05 -9.55855e-05 -0.900061 -1.10002 -1.5708 7.80321e-05 -6.51385e-05
-9.49644e-05 -0.789973 -1.0 -1.57077 6.5016e-06 -8.05974e-05 1.74341e-05 -0.789978 -1.0 -1.5707 3.70831e-05 9.24692e-05 -9.55855e-05 -0.900061 -1.10002 -1.5708 7.80321e-05 -6.51385e-05
-9.49644e-05 -0.789973 -1.0 -1.57077 6.5016e-06 -8.05974e-05 1.74341e-05 -0.789978 -1.0 -1.5707 3.70831e-05 9.24692e-05 -9.84198e-05 -0.899905 -1.10009 -1.57073 1.11472e-05 9.12574e-05
-9.49644e-05 -0.789973 -1.0 -1.57077 6.5016e-06 -8.05974e-05 1.74341e-05 -0.789978 -1.0 -1.5707 3.70831e-05 9.24692e-05 -9.55855e-05 -0.900061 -1.10002 -1.5708 7.80321e-05 -6.51385e-05
-9.49644e-05 -0.789973 -1.0 -1.57077 6.5016e-06 -8.05974e-05 1.74341e-05 -0.789978 -1.0 -1.5707 3.70831e-05 9.24692e-05 -9.55855e-05 -0.900061 -1.10002 -1.5708 7.80321e-05 -6.51385e-05
-9.49644e-05 -0.789973 -1.0 -1.57077 6.5016e-06 -8.05974e-05 1.74341e-05 -0.789978 -1.0 -1.5707 3.70831e-05 9.24692e-05 -9.55855e-05 -0.900061 -1.10002 -1.5708 7.80321e-05 -6.51385e-05
-9.49644e-05 -0.789973 -1.0 -1.57077 6.5016e-06 -8.05974e-05 1.74341e-05 -0.789978 -1.0 -1.5707 3.70831e-05 9.24692e-05 -9.55855e-05 -0.900061 -1.10002 -1.5708 7.80321e-05 -6.51385e-05
-9.49644e-05 -0.789973 -1.0 -1.57077 6.5016e-06 -8.05974e-05 1.74341e-05 -0.789978 -1.0 -1.5707 3.70831e-05 9.24692e-05 -9.55855e-05 -0.900061 -1.10002 -1.5708 7.80321e-05 -6.51385e-05
-9.49644e-05 -0.789973 -1.0 -1.57077 6.5016e-06 -8.05974e-05 1.74341e-05 -0.789978 -1.0 -1.5707 3.70831e-05 9.24692e-05 -9.55855e-05 -0.900061 -1.10002 -1.5708 7.80321e-05 -6.51385e-05
-9.49644e-05 -0.789973 -1.0 -1.57077 6.5016e-06 -8.05974e-05 1.74341e-05 -0.789978 -1.0 -1.5707 3.70831e-05 9.24692e-05 -9.55855e-05 -0.900061 -1.10002 -1.5708 7.80321e-05 -6.51385e-05
-9.49644e-05 -0.789973 -1.0 -1.57077 6.5016e-06 -8.05974e-05 1.74341e-05 -0.789978 -1.0 -1.5707 3.70831e-05 9.24692e-05 -9.55855e-05 -0.900061 -1.10002 -1.5708 7.80321e-05 -6.51385e-05
-9.49644e-05 -0.789973 -1.0 -1.57077 6.5016e-06 -8.05974e-05 1.74341e-05 -0.789978 -1.0 -1.5707 3.70831e-05 9.24692e-05 -9.55855e-05 -0.900061 -1.10002 -1.5708 7.80321e-05 -6.51385e-05
-9.49644e-05 -0.789973 -1.0 -1.57077 6.5016e-06 -8.05974e-05 1.74341e-05 -0.789978 -1.0 -1.5707 3.70831e-05 9.24692e-05 -9.55855e-05 -0.900061 -1.10002 -1.5708 7.80321e-05 -6.51385e-05
-9.49644e-05 -0.789973 -1.0 -1.57077 6.5016e-06 -8.05974e-05 1.74341e-05 -0.789978 -1.0 -1.5707 3.70831e-05 9.24692e-05 -9.55855e-05 -0.900061 -1.10002 -1.5708 7.80321e-05 -6.51385e-05
-9.49644e-05 -0.789973 -1.0 -1.57077 6.5016e-06 -8.05974e-05 1.74341e-05 -0.789978 -1.0 -1.5707 3.70831e-05 9.24692e-05 -9.84198e-05 -0.899905 -1.10009 -1.57073 1.11472e-05 9.12574e-05
-9.49644e-05 -0.789973 -1.0 -1.57077 6.5016e-06 -8.05974e-05 1.74341e-05 -0.789978 -1.0 -1.5707 3.70831e-05 9.24692e-05 -9.84198e-05 -0.899905 -1.10009 -1.57073 1.11472e-05 9.12574e-05
-9.49644e-05 -0.789973 -1.0 -1.57077 6.5016e-06 -8.05974e-05 1.74341e-05 -0.789978 -1.0 -1.5707 3.70831e-05 9.24692e-05 -9.55855e-05 -0.900061 -1.10002 -1.5708 7.80321e-05 -6.51385e-05
-9.49644e-05 -0.789973 -1.0 -1.57077 6.5016e-06 -8.05974e-05 1.74341e-05 -0.789978 -1.0 -1.5707 3.70831e-05 9.24692e-05 -9.55855e-05 -0.900061 -1.10002 -1.5708 7.80321e-05 -6.51385e-05
-9.49644e-05 -0.789973 -1.0 -1.57077 6.5016e-06 -8.05974e-05 1.74341e-05 -0.789978 -1.0 -1.5707 3.70831e-05 9.24692e-05 -9.84198e-05 -0.899905 -1.10009 -1.57073 1.11472e-05 9.12574e-05
-9.49644e-05 -0.789973 -1.0 -1.57077 6.5016e-06 -8.05974e-05 1.74341e-05 -0.789978 -1.0 -1.5707 3.70831e-05 9.24692e-05 -9.55855e-05 -0.900061 -1.10002 -1.5708 7.80321e-05 -6.51385e-05
-9.49644e-05 -0.789973 -1.0 -1.57077 6.5016e-06 -8.05974e-05 1.74341e-05 -0.789978 -1.0 -1.5707 3.70831e-05 9.24692e-05 -9.55855e-05 -0.900061 -1.10002 -1.5708 7.80321e-05 -6.51385e-05
-9.49644e-05 -0.789973 -1.0 -1.57077 6.5016e-06 -8.05974e-05 1.74341e-05 -0.789978 -1.0 -1.5707 3.70831e-05 9.24692e-05 -9.84198e-05 -0.899905 -1.10009 -1.57073 1.11472e-05 9.12574e-05
-9.49644e-05 -0.789973 -1.0 -1.57077 6.5016e-06 -8.05974e-05 1.74341e-05 -0.789978 -1.0 -1.5707 3.70831e-05 9.24692e-05 -9.55855e-05 -0.900061 -1.10002 -1.5708 7.80321e-05 -6.51385e-05
-9.49644e-05 -0.789973 -1.0 -1.57077 6.5016e-06 -8.05974e-05 1.74341e-05 -0.789978 -1.0 -1.5707 3.70831e-05 9.24692e-05 -9.84198e-05 -0.899905 -1.10009 -1.57073 1.11472e-05 9.12574e-05
-9.49644e-05 -0.789973 -1.0 -1.57077 6.5016e-06 -8.05974e-05 1.74341e-05 -0.789978 -1.0 -1.5707 3.70831e-05 9.24692e-05 -9.55855e-05 -0.900061 -1.10002 -1.5708 7.80321e-05 -6.51385e-05
-9.49644e-05 -0.789973 -1.0 -1.57077 6.5016e-06 -8.05974e-05 1.74341e-05 -0.789978 -1.0 -1.5707 3.70831e-05 9.24692e-05 -9.84198e-05 -0.899905 -1.10009 -1.57073 1.11472e-05 9.12574e-05
-9.49644e-05 -0.789973 -1.0 -1.57077 6.5016e-06 -8.05974e-05 1.74341e-05 -0.789978 -1.0 -1.5707 3.70831e-05 9.24692e-05 -9.55855e-05 -0.900061 -1.10002 -1.5708 7.80321e-05 -6.51385e-05
-9.49644e-05 -0.789973 -1.0 -1.57077 6.5016e-06 -8.05974e-05 1.74341e-05 -0.789978 -1.0 -1.5707 3.70831e-05 9.24692e-05 -9.55855e-05 -0.900061 -1.10002 -1.5708 7.80321e-05 -6.51385e-05
-9.49644e-05 -0.789973 -1.0 -1.57077 6.5016e-06 -8.05974e-05 1.74341e-05 -0.789978 -1.0 -1.5707 3.70831e-05 9.24692e-05 -9.55855e-05 -0.900061 -1.10002 -1.5708 7.80321e-05 -6.51385e-05
-9.49644e-05 -0.789973 -1.0 -1.57077 6.5016e-06 -8.05974e-05 1.74341e-05 -0.789978 -1.0 -1.5707 3.70831e-05 9.24692e-05 -9.84198e-05 -0.899905 -1.10009 -1.57073 1.11472e-05 9.12574e-05
-9.49644e-05 -0.789973 -1.0 -1.57077 6.5016e-06 -8.05974e-05 1.74341e-05 -0.789978 -1.0 -1.5707 3.70831e-05 9.24692e-05 -9.55855e-05 -0.900061 -1.10002 -1.5708 7.80321e-05 -6.51385e-05
-9.49644e-05 -0.789973 -1.0 -1.57077 6.5016e-06 -8.05974e-05 1.74341e-05 -0.789978 -1.0 -1.5707 3.70831e-05 9.24692e-05 -9.55855e-05 -0.900061 -1.10002 -1.5708 7.80321e-05 -6.51385e-05
4.14954e-05 -0.790034 -0.999918 -1.57074 6.77099e-05 7.04516e-05 1.74341e-05 -0.789978 -1.0 -1.5707 3.70831e-05 9.24692e-05 -9.55855e-05 -0.900061 -1.10002 -1.5708 7.80321e-05 -6.51385e-05
-9.49644e-05 -0.789973 -1.0 -1.57077 6.5016e-06 -8.05974e-05 1.74341e-05 -0.789978 -1.0 -1.5707 3.70831e-05 9.24692e-05 -9.84198e-05 -0.899905 -1.10009 -1.57073 1.11472e-05 9.12574e-05
-9.49644e-05 -0.789973 -1.0 -1.57077 6.5016e-06 -8.05974e-05 1.74341e-05 -0.789978 -1.0 -1.5707 3.70831e-05 9.24692e-05 -9.84198e-05 -0.899905 -1.10009 -1.57073 1.11472e-05 9.12574e-05
-9.49644e-05 -0.789973 -1.0 -1.57077 6.5016e-06 -8.05974e-05 1.74341e-05 -0.789978 -1.0 -1.5707 3.70831e-05 9.24692e-05 -9.84198e-05 -0.899905 -1.10009 -1.57073 1.11472e-05 9.12574e-05
-9.49644e-05 -0.789973 -1.0 -1.57077 6.5016e-06 -8.05974e-05 1.74341e-05 -0.789978 -1.0 -1.5707 3.70831e-05 9.24692e-05 -9.84198e-05 -0.899905 -1.10009 -1.57073 1.11472e-05 9.12574e-05
-9.49644e-05 -0.789973 -1.0 -1.57077 6.5016e-06 -8.05974e-05 1.74341e-05 -0.789978 -1.0 -1.5707 3.70831e-05 9.24692e-05 -9.55855e-05 -0.900061 -1.10002 -1.5708 7.80321e-05 -6.51385e-05
-9.49644e-05 -0.789973 -1.0 -1.57077 6.5016e-06 -8.05974e-05 1.74341e-05 -0.789978 -1.0 -1.5707 3.70831e-05 9.24692e-05 -9.84198e-05 -0.899905 -1.10009 -1.57073 1.11472e-05 9.12574e-05
-9.49644e-05 -0.789973 -1.0 -1.57077 6.5016e-06 -8.05974e-05 1.74341e-05 -0.789978 -1.0 -1.5707 3.70831e-05 9.24692e-05 -9.55855e-05 -0.900061 -1.10002 -1.5708 7.80321e-05 -6.51385e-05
-9.49644e-05 -0.789973 -1.0 -1.57077 6.5016e-06 -8.05974e-05 1.74341e-05 -0.789978 -1.0 -1.5707 3.70831e-05 9.24692e-05 -9.55855e-05 -0.900061 -1.10002 -1.5708 7.80321e-05 -6.51385e-05
-9.49644e-05 -0.789973 -1.0 -1.57077 6.5016e-06 -8.05974e-05 1.74341e-05 -0.789978 -1.0 -1.5707 3.70831e-05 9.24692e-05 -9.55855e-05 -0.900061 -1.10002 -1.5708 7.80321e-05 -6.51385e-05
-9.49644e-05 -0.789973 -1.0 -1.57077 6.5016e-06 -8.05974e-05 1.74341e-05 -0.789978 -1.0 -1.5707 3.70831e-05 9.24692e-05 -9.55855e-05 -0.900061 -1.10002 -1.5708 7.80321e-05 -6.51385e-05
-9.49644e-05 -0.789973 -1.0 -1.57077 6.5016e-06 -8.05974e-05 1.74341e-05 -0.789978 -1.0 -1.5707 3.70831e-05 9.24692e-05 -9.55855e-05 -0.900061 -1.10002 -1.5708 7.80321e-05 -6.51385e-05
4.14954e-05 -0.790034 -0.999918 -1.57074 6.77099e-05 7.04516e-05 1.74341e-05 -0.789978 -1.0 -1.5707 3.70831e-05 9.24692e-05 -9.84198e-05 -0.899905 -1.10009 -1.57073 1.11472e-05 9.12574e-05
-9.49644e-05 -0.789973 -1.0 -1.57077 6.5016e-06 -8.05974e-05 1.74341e-05 -0.789978 -1.0 -1.5707 3.70831e-05 9.24692e-05 -9.84198e-05 -0.899905 -1.10009 -1.57073 1.11472e-05 9.12574e-05
-9.49644e-05 -0.789973 -1.0 -1.57077 6.5016e-06 -8.05974e-05 1.74341e-05 -0.789978 -1.0 -1.5707 3.70831e-05 9.24692e-05 -9.55855e-05 -0.900061 -1.10002 -1.5708 7.80321e-05 -6.51385e-05
-9.49644e-05 -0.789973 -1.0 -1.57077 6.5016e-06 -8.05974e-05 1.74341e-05 -0.789978 -1.0 -1.5707 3.70831e-05 9.24692e-05 -9.55855e-05 -0.900061 -1.10002 -1.5708 7.80321e-05 -6.51385e-05
-9.49644e-05 -0.789973 -1.0 -1.57077 6.5016e-06 -8.05974e-05 1.74341e-05 -0.789978 -1.0 -1.5707 3.70831e-05 9.24692e-05 -9.84198e-05 -0.899905 -1.10009 -1.57073 1.11472e-05 9.12574e-05
9.30724e-05 -0.789971 -1.00002 -1.57086 -5.57251e-05 -6.87147e-05 1.74341e-05 -0.789978 -1.0 -1.5707 3.70831e-05 9.24692e-05 -9.55855e-05 -0.900061 -1.10002 -1.5708 7.80321e-05 -6.51385e-05
4.14954e-05 -0.790034 -0.999918 -1.57074 6.77099e-05 7.04516e-05 1.74341e-05 -0.789978 -1.0 -1.5707 3.70831e-05 9.24692e-05 -9.55855e-05 -0.900061 -1.10002 -1.5708 7.80321e-05 -6.51385e-05
-9.49644e-05 -0.789973 -1.0 -1.57077 6.5016e-06 -8.05974e-05 1.74341e-05 -0.789978 -1.0 -1.5707 3.70831e-05 9.24692e-05 -9.84198e-05 -0.899905 -1.10009 -1.57073 1.11472e-05 9.12574e-05
-9.49644e-05 -0.789973 -1.0 -1.57077 6.5016e-06 -8.05974e-05 1.74341e-05 -0.789978 -1.0 -1.5707 3.70831e-05 9.24692e-05 -9.84198e-05 -0.899905 -1.10009 -1.57073 1.11472e-05 9.12574e-05
-9.49644e-05 -0.789973 -1.0 -1.57077 6.5016e-06 -8.05974e-05 1.74341e-05 -0.789978 -1.0 -1.5707 3.70831e-05 9.24692e-05 -9.84198e-05 -0.899905 -1.10009 -1.57073 1.11472e-05 9.12574e-05
-9.49644e-05 -0.789973 -1.0 -1.57077 6.5016e-06 -8.05974e-05 1.74341e-05 -0.789978 -1.0 -1.5707 3.70831e-05 9.24692e-05 -9.55855e-05 -0.900061 -1.10002 -1.5708 7.80321e-05 -6.51385e-05
-9.49644e-05 -0.789973 -1.0 -1.57077 6.5016e-06 -8.05974e-05 1.74341e-05 -0.789978 -1.0 -1.5707 3.70831e-05 9.24692e-05 -9.84198e-05 -0.899905 -1.10009 -1.57073 1.11472e-05 9.12574e-05
